10004,181042.0,365,0,33261,17357,14391,7763,3339,0,0,0,0,0	
10005,175864.0,365,0,54369,27834,16615,7307,2041,0,0,0,0,0	
10007,430777.0,365,0,117931,53884,21564,9912,1251,0,0,0,0,0	
10001,151316.0,365,0,380162,186940,32848,8490,1376,38,0,0,0,0	
10002,60564.0,365,0,269301,152750,33254,5575,12,0,0,0,0,0	
10003,156983.0,365,0,599974,231837,44882,4386,100,0,0,0,0,0	
10009,86010.0,365,0,221268,129371,30754,991,0,0,0,0,0,0	
11201,151787.0,365,0,157715,75705,19937,8555,4200,566,0,0,0,0	
11205,73083.0,365,0,57236,22559,6533,2864,1329,301,0,0,0,0	
10022,221140.0,365,0,93886,77525,24949,6771,2711,297,0,0,0,0	
10023,185157.0,364,0,23215,15874,7432,2537,1231,116,0,0,0,0	
10010,150684.0,365,0,186590,87308,12045,2167,205,0,0,0,0,0	
10282,316718.0,365,0,25837,13074,6955,4466,806,0,0,0,0,0	
10280,182441.0,365,0,25744,9047,7948,4235,1720,0,0,0,0,0	
11238,89269.0,365,0,21070,9027,3632,2560,885,153,138,0,0,0	
10019,137685.0,365,0,267557,137114,44919,25233,7452,809,23,0,0,0	
10018,141782.0,365,0,161234,82311,14505,4951,1298,60,0,0,0,0	
11216,63003.0,365,0,4733,3074,1508,912,223,85,96,0,0,0	
10038,121805.0,365,0,74876,30672,12307,4037,1018,0,0,0,0,0	
10013,220757.0,365,0,205311,102777,37556,17249,6,0,0,0,0,0	
10012,141594.0,365,0,225816,93822,23387,3251,20,0,0,0,0,0	
10011,193307.0,365,0,431974,204719,39112,3166,631,13,0,0,0,0	
10036,113730.0,365,0,174037,80685,20605,12400,1479,161,2,0,0,0	
10017,161962.0,365,0,181498,97669,21463,9537,2111,14,0,0,0,0	
10016,152088.0,365,0,303204,167259,24655,9264,1081,3,0,0,0,0	
10014,175237.0,365,0,266246,174818,41952,3555,283,2,0,0,0,0	
11211,77466.0,365,0,22416,36488,20263,2501,125,0,0,0,0,0	
11217,120590.0,365,0,40534,13608,8619,2963,2108,576,58,0,0,0	
