10065,202954.0,6288059.22,67633334.57,5521402,365	
10069,231506.0,501703.93,4855937.36,360328,365	
10453,33985.0,3431.1,61562.03,3871,364	
10452,35555.0,11009.12,173289.47,10209,365	
10451,39062.0,26110.17,491684.64,32621,365	
10457,36013.0,2693.68,45006.54,2792,363	
10456,34536.0,3745.35,68943.92,4706,365	
10455,33128.0,3598.14,78084.86,5190,365	
10454,31670.0,14980.17,261166.72,15924,365	
10459,36133.0,2119.4,35370.68,2018,354	
10458,37866.0,3873.65,54040.88,2835,361	
11232,59324.0,37212.7,369818.36,19249,365	
11233,49486.0,22161.19,238561.17,12943,365	
11385,66944.0,15195.11,179938.89,10153,365	
11234,85437.0,4811.57,58598.17,2592,364	
11235,67317.0,4886.27,69224.2,2980,365	
11237,57515.0,81635.78,765729.89,47495,365	
11218,72945.0,48015.5,491249.88,25541,365	
10282,316718.0,1161638.07,10139626.59,558488,365	
10280,182441.0,1009240.25,9819202.89,521444,365	
11109,164048.0,11460.44,105685.52,5174,365	
11379,84041.0,4295.2,53557.79,2933,364	
11378,69886.0,47644.09,519125.93,15820,365	
11102,68309.0,264004.51,2963713.92,174368,365	
11103,72396.0,172597.26,2171941.24,138755,365	
11377,63387.0,171911.62,2638062.02,169535,365	
11101,73313.0,1005294.43,11623513.18,660635,365	
11106,68551.0,316235.97,3746882.09,237613,365	
11370,69161.0,63040.74,862089.21,51107,365	
11104,71040.0,248534.38,3042609.63,173299,365	
11105,75740.0,116238.17,1263323.74,77284,365	
11375,94340.0,60017.12,692195.84,31558,365	
11374,68255.0,36860.14,482277.56,22330,365	
11229,70010.0,3423.03,39442.64,2007,360	
10040,62395.0,23739.18,271746.84,14429,365	
11228,86920.0,3280.02,33704.77,1563,347	
10044,112172.0,22949.92,261190.83,14120,365	
11201,151787.0,1645485.52,15857541.87,883709,365	
11203,60629.0,6889.53,81897.49,5093,365	
10128,176612.0,4930057.92,50614829.66,3712744,365	
11205,73083.0,203753.74,2125482.71,141186,365	
11204,63616.0,3736.72,48789.62,3112,363	
11207,45940.0,11027.33,127770.24,6629,365	
11206,47277.0,241397.2,2423183.95,160538,365	
11209,84945.0,15993.92,167753.24,7670,365	
11208,45934.0,6953.03,75077.37,3066,365	
11372,62444.0,36231.48,718355.3,50186,365	
11225,59118.0,47981.25,521894.56,30674,365	
11224,47290.0,2370.34,26287.15,943,292	
11368,56401.0,62906.27,676229.73,21056,365	
11369,67335.0,127239.55,1345667.34,47623,365	
11366,93798.0,1149.52,14042.53,701,300	
11223,61705.0,3738.72,50883.77,2546,362	
11364,86922.0,2032.99,17229.65,593,251	
11365,74919.0,3181.52,35124.29,1481,353	
11362,94462.0,822.83,8661.13,244,165	
11363,124271.0,326.0,3945.66,119,93	
11360,99142.0,780.13,7834.43,250,163	
11222,80886.0,405507.37,3763988.83,237456,365	
11220,53315.0,14984.56,171404.27,8381,365	
11212,40233.0,3752.82,46649.62,2634,362	
11213,47297.0,27548.72,298408.44,16785,365	
11210,75085.0,7871.38,97462.3,5150,365	
11211,77466.0,1832941.39,17376506.25,1103345,365	
10039,46959.0,22362.22,305642.08,20900,365	
10038,121805.0,1765214.82,16901394.6,922043,365	
11214,62934.0,6429.52,68807.19,2886,363	
11215,139886.0,411484.14,3762055.1,218239,365	
10035,46813.0,364629.43,4665778.12,319578,365	
10034,58725.0,30522.67,364396.28,18452,365	
10037,48731.0,54471.96,724903.12,50110,365	
10036,113730.0,9537397.78,106488657.74,7360429,365	
10031,56188.0,335570.87,3878496.15,233975,365	
10030,52572.0,75544.84,983077.37,70173,365	
10033,65125.0,89666.02,990297.41,51606,365	
10032,49670.0,216547.35,2331215.11,121233,365	
11001,119250.0,270.2,3836.32,179,87	
11358,82641.0,1003.23,14185.83,663,273	
11005,92034.0,505.6,4192.33,96,68	
11004,95851.0,712.95,9074.22,489,186	
11697,100398.0,233.79,1988.2,107,37	
11694,95102.0,276.69,3717.96,136,82	
11357,91409.0,3450.61,38625.14,981,319	
11356,73994.0,1299.03,16625.92,812,285	
11355,56359.0,6316.01,94570.24,4188,365	
11354,63883.0,19424.72,296700.31,16927,365	
11216,63003.0,123556.31,1231900.22,77450,365	
11217,120590.0,639098.81,6419791.56,388654,365	
10309,111477.0,228.39,2510.16,50,45	
10308,101261.0,124.53,1576.5,38,32	
10307,104973.0,211.35,2373.89,26,21	
10306,94614.0,804.13,5587.46,130,101	
10305,83184.0,1380.06,15525.56,501,242	
10304,79892.0,719.73,7879.39,248,150	
10303,67301.0,353.2,3811.26,115,93	
10302,68842.0,205.14,1555.45,68,42	
10301,76813.0,652.71,7834.74,221,149	
10028,203702.0,5479871.95,57265965.44,4538118,365	
10029,60941.0,1203170.74,14760174.62,1093546,365	
10026,76406.0,446966.77,4916690.06,355616,365	
10027,70220.0,935853.2,10097947.41,680751,365	
10024,195208.0,5283880.59,54954807.38,4243260,365	
10025,120674.0,4659511.94,49206281.91,3627330,365	
10022,221140.0,12364373.59,125034077.92,9362230,365	
10023,185157.0,7468198.11,77474599.68,6064888,365	
11221,53275.0,82726.54,828241.46,52925,365	
10021,204533.0,6365077.5,67327850.38,5328162,365	
11429,83725.0,904.63,11598.77,537,256	
11219,51454.0,4673.15,50965.09,2504,362	
11230,66750.0,14809.46,181015.53,10731,365	
11428,77377.0,712.15,10139.27,380,198	
11421,78375.0,3141.95,48385.6,2405,363	
11420,76420.0,21381.36,235334.77,6080,365	
11423,78204.0,1262.68,14346.11,686,271	
11422,92001.0,2141.11,25974.52,795,298	
11427,85937.0,1433.16,26292.66,1135,338	
11426,96119.0,1849.61,30149.39,1553,357	
10310,78919.0,212.28,2275.92,84,68	
10312,103272.0,548.93,4649.46,107,77	
10314,94547.0,1589.36,14803.92,433,216	
11231,118321.0,473359.38,4303736.87,230640,365	
11238,89269.0,255353.54,2385837.74,144894,365	
11239,38019.0,1126.43,13386.4,447,231	
10019,137685.0,15376866.65,160470214.44,11098692,365	
10018,141782.0,6004982.9,64104553.59,4669698,365	
10013,220757.0,6669346.56,64385880.95,4247374,365	
10012,141594.0,6890922.09,67690135.05,4850300,365	
10011,193307.0,11748705.61,112421070.21,8544847,365	
10010,150684.0,6664937.67,62133865.75,4760235,365	
10017,161962.0,10317236.61,101432927.85,7268439,365	
10016,152088.0,11438176.0,111486950.52,8450712,365	
11236,73164.0,3482.86,44492.24,2089,361	
10014,175237.0,8406109.81,79207060.26,5694068,365	
11416,73653.0,1313.6,21348.56,892,322	
11432,67770.0,9773.97,126808.34,6827,365	
11433,58601.0,1126.59,15449.45,727,284	
11436,74994.0,117814.79,1312183.31,21985,365	
11434,70272.0,11366.75,137789.84,3427,365	
11435,65791.0,143732.07,1595384.78,31482,365	
10004,181042.0,1528020.5,15289762.29,747842,365	
10005,175864.0,1772353.58,15535105.5,771108,365	
10006,161202.0,704463.8,7170626.92,367910,365	
10007,430777.0,2383847.66,23862808.24,1447497,365	
10001,151316.0,13454696.18,141687701.23,10405085,365	
10002,60564.0,4871705.73,47701604.34,3118169,365	
10003,156983.0,12717050.51,121241154.3,9023675,365	
11692,58042.0,146.25,1846.75,60,51	
10009,86010.0,4373337.81,41387786.31,2920137,365	
11693,62443.0,366.56,5165.66,178,97	
10475,59944.0,1233.28,16398.37,604,265	
10474,34096.0,1105.34,12269.87,652,243	
10471,100733.0,4255.43,41139.28,1733,355	
10470,70004.0,871.61,14394.18,786,283	
10473,53120.0,1671.31,25239.6,1514,336	
10472,43989.0,3123.13,54063.43,3082,365	
11691,56999.0,528.29,5555.16,156,114	
11361,92549.0,1363.85,16910.9,678,261	
11226,55874.0,35551.63,414731.42,22342,365	
10075,200745.0,2789682.63,29300854.97,2311884,365	
10466,55669.0,738.95,12093.3,544,273	
10467,47788.0,3227.83,55307.67,2800,365	
10464,90265.0,521.96,6428.63,186,129	
10465,82114.0,3147.68,36386.68,1145,337	
10462,55313.0,6111.58,88362.14,4793,365	
10463,77506.0,8089.23,111466.45,6340,365	
10460,34899.0,2471.46,41007.91,2414,360	
11040,120751.0,185.21,2611.87,68,38	
10468,43225.0,3579.92,66245.7,4006,365	
10469,69954.0,1482.0,22628.74,1090,328	
11411,93666.0,1033.48,14919.15,547,245	
11412,80823.0,731.74,7782.68,334,180	
11413,91263.0,4295.22,50585.47,1204,334	
11414,90543.0,4587.83,50974.99,1418,336	
11415,80185.0,9673.32,130471.85,6923,365	
10461,69608.0,3410.97,45584.33,2243,362	
11417,77103.0,5179.04,62547.35,1917,356	
11418,72887.0,9711.0,116929.02,4598,365	
11419,68973.0,4648.77,63875.67,3008,365	
11367,72653.0,37795.8,412349.72,9643,365	
11373,65470.0,63271.4,1066208.18,62724,365	
