10065,202954.0,6407987.959,63306319.88,4979947,365	
10069,231506.0,446937.71,4033530.91,292249,365	
10453,33985.0,4822.51,77069.76,4896,365	
10452,35555.0,12337.36,180504.87,11010,365	
10451,39062.0,29363.37,530533.02,34711,365	
10457,36013.0,2525.29,44857.01,2790,364	
10456,34536.0,4089.77,79458.64,5443,365	
10455,33128.0,5081.41,98359.58,6431,365	
10454,31670.0,16229.07,260606.78,15899,365	
10459,36133.0,2321.63,36470.19,2224,361	
10458,37866.0,3860.47,50058.56,2756,359	
11232,59324.0,33675.96,309612.23,16438,365	
11233,49486.0,20733.48,216564.51,12871,365	
11385,66944.0,13809.48,157460.83,8927,365	
11234,85437.0,5492.87,72600.53,2796,362	
11235,67317.0,5310.06,65013.34,2637,362	
11237,57515.0,72891.26,2323722.52,41952,365	
11218,72945.0,38818.53,384597.71,19629,365	
10282,316718.0,1123093.79,9193420.5,484366,365	
10280,182441.0,1029186.8,9369981.91,475053,365	
11109,164048.0,7963.49,75107.35,3599,365	
11379,84041.0,3644.65,40657.92,2235,361	
11378,69886.0,44150.66,449212.65,12742,365	
11102,68309.0,220693.38,2412803.07,145144,365	
11103,72396.0,141296.78,1785891.35,117551,365	
11377,63387.0,153150.53,2383299.03,158058,365	
11101,73313.0,722897.68,8451786.52,482967,365	
11106,68551.0,248603.14,3065667.42,201487,365	
11370,69161.0,59290.56,784203.98,46978,365	
11104,71040.0,229843.44,2703356.06,155925,365	
11105,75740.0,93038.63,985399.79,61463,365	
11375,94340.0,51254.42,576586.01,27089,365	
11374,68255.0,31544.97,401636.16,18620,365	
11229,70010.0,3702.24,41064.36,2011,357	
10040,62395.0,22067.72,244520.03,13346,365	
11228,86920.0,2923.41,25772.64,1198,333	
10044,112172.0,19396.09,201796.6,10614,365	
11201,151787.0,1280852.01,11784713.7,649598,365	
11203,60629.0,7895.73,89273.84,5258,365	
10128,176612.0,5005812.42,47350681.78,3403216,365	
11205,73083.0,150540.52,1516555.63,102468,365	
11204,63616.0,3288.47,41201.31,2799,364	
11207,45940.0,12405.26,141708.69,7169,365	
11206,47277.0,184188.56,1805570.26,121080,365	
11209,84945.0,14145.31,144656.9,6336,365	
11208,45934.0,6460.18,72083.89,3091,364	
11372,62444.0,35449.0,712568.11,51889,365	
11225,59118.0,38478.83,433304.88,25978,365	
11224,47290.0,2055.63,25804.2,888,294	
11368,56401.0,57763.73,617060.11,19616,365	
11369,67335.0,90546.39,988377.78,37857,365	
11366,93798.0,827.85,10581.0,629,293	
11223,61705.0,5576.28,59959.5,2230,364	
11364,86922.0,1069.26,13089.18,380,206	
11365,74919.0,2725.46,31341.29,1212,342	
11362,94462.0,849.47,8756.93,235,150	
11363,124271.0,449.47,3959.97,107,87	
11360,99142.0,1136.55,8231.94,199,133	
11222,80886.0,271570.98,2462473.41,149934,365	
11220,53315.0,26391.58,156049.04,7104,365	
11212,40233.0,5540.77,69898.84,3244,365	
11213,47297.0,20882.45,243422.37,14525,365	
11210,75085.0,8147.77,94375.04,4572,365	
11211,77466.0,1292443.11,11570193.19,717663,365	
10039,46959.0,21571.6,312152.72,21975,365	
10038,121805.0,1670445.98,15183892.67,798594,365	
11214,62934.0,5416.67,56556.89,2429,363	
11215,139886.0,276296.29,2379953.39,141586,365	
10035,46813.0,356622.99,4491736.24,304857,365	
10034,58725.0,32071.14,361044.15,18253,365	
10037,48731.0,52551.31,703933.27,49660,365	
10036,113730.0,9429045.92,98767785.82,6462204,365	
10031,56188.0,321949.59,3594162.62,219380,365	
10030,52572.0,73386.38,1000512.19,74931,365	
10033,65125.0,82289.3,883967.39,46160,365	
10032,49670.0,198034.91,2081878.79,110550,365	
11001,119250.0,105.45,2716.4,102,73	
11358,82641.0,1300.17,13468.02,573,243	
11005,92034.0,326.43,2484.08,48,42	
11004,95851.0,706.93,8399.84,440,172	
11697,100398.0,125.72,1273.92,41,30	
11694,95102.0,304.42,4593.8,131,98	
11357,91409.0,3507.55,34862.38,818,302	
11356,73994.0,983.39,12933.49,616,277	
11355,56359.0,6706.95,85823.13,3673,365	
11354,63883.0,10114.65,168005.07,8864,365	
11216,63003.0,90101.28,900646.96,58543,365	
11217,120590.0,473048.63,4556120.78,277266,365	
11096,65007.0,6.78,56.78,5,2	
10309,111477.0,364.52,3084.05,57,41	
10308,101261.0,153.22,1322.61,29,25	
10307,104973.0,17.46,581.61,8,8	
10306,94614.0,620.28,6098.52,180,113	
10305,83184.0,1922.33,15810.57,382,217	
10304,79892.0,984.83,7831.87,268,137	
10303,67301.0,1163.48,5701.36,168,77	
10302,68842.0,120.3,1111.65,36,21	
10301,76813.0,742.3,8233.04,248,140	
10028,203702.0,5586272.34,53920749.69,4174950,365	
10029,60941.0,1214442.0,14155062.87,1031969,365	
10026,76406.0,441845.36,4647047.98,336264,365	
10027,70220.0,854359.0,8836456.29,602992,365	
10024,195208.0,5412422.26,51571002.3,3880563,365	
10025,120674.0,4685143.87,46108692.63,3346580,365	
10022,221140.0,12239848.04,114866980.03,8220411,365	
10023,185157.0,7526928.31,72119036.75,5484006,365	
11221,53275.0,67514.59,664129.26,43458,365	
10021,204533.0,6441800.86,62691761.77,4815564,365	
11429,83725.0,1443.15,16349.21,720,228	
11219,51454.0,6171.69,42438.22,1949,359	
11230,66750.0,12934.47,159041.1,8626,365	
11428,77377.0,609.11,7096.45,327,151	
11421,78375.0,3236.64,50699.76,2347,362	
11420,76420.0,25129.33,264909.41,5508,365	
11423,78204.0,2125.0,24639.75,1303,283	
11422,92001.0,2370.23,25816.63,700,277	
11427,85937.0,2061.59,26114.75,916,322	
11426,96119.0,1778.96,26214.96,1181,346	
10310,78919.0,369.6,3235.12,121,65	
10312,103272.0,461.2,5024.66,75,59	
10314,94547.0,6052.63,26714.72,455,229	
11231,118321.0,365880.73,3158169.9,167179,365	
11238,89269.0,173376.78,1589774.95,99172,365	
11239,38019.0,2039.1,24227.23,712,281	
10019,137685.0,15408509.05,149092785.38,9856584,365	
10018,141782.0,5955980.89,59412901.54,4127337,365	
10013,220757.0,6141144.87,55486599.31,3531956,365	
10012,141594.0,6420920.57,58915896.62,4060495,365	
10011,193307.0,15347727.37,106254393.27,7464058,365	
10010,150684.0,6665629.22,58191503.26,4263206,365	
10017,161962.0,10416388.44,95525679.21,6391913,365	
10016,152088.0,11426853.57,103839363.16,7483437,365	
11236,73164.0,5668.34,61173.79,2532,362	
10014,175237.0,7970673.88,70752520.55,4868727,365	
11416,73653.0,1161.03,16862.82,751,304	
11432,67770.0,9215.81,116550.78,6271,365	
11433,58601.0,1950.86,16953.94,732,300	
11436,74994.0,136031.0,1411346.06,22984,365	
11434,70272.0,11375.77,136296.54,3354,365	
11435,65791.0,157792.55,1658853.04,31515,365	
10004,181042.0,1549584.58,14382151.05,677661,365	
10005,175864.0,1719251.57,14219051.8,677347,365	
10006,161202.0,697073.15,6553251.67,318444,365	
10007,430777.0,2409445.37,22753722.36,1334141,365	
10001,151316.0,13860872.67,134609144.08,9450099,365	
10002,60564.0,4601240.89,43120783.37,2670932,365	
10003,156983.0,12452503.23,111337053.93,7910584,365	
11692,58042.0,2102.25,27575.64,256,101	
10009,86010.0,4143475.46,37150026.35,2538123,365	
11693,62443.0,581.5,8110.79,169,114	
10475,59944.0,1209.62,16744.13,697,279	
10474,34096.0,917.92,11123.95,519,248	
10471,100733.0,3813.07,38187.15,1496,357	
10470,70004.0,1015.4,13644.97,738,270	
10473,53120.0,1783.15,27111.06,1567,346	
10472,43989.0,2985.11,50257.21,2827,363	
11691,56999.0,2815.35,22553.54,476,171	
11361,92549.0,1505.4,16369.41,616,252	
11226,55874.0,31029.0,361816.25,19730,365	
10075,200745.0,2794017.77,27037071.69,2084702,365	
10466,55669.0,978.66,12994.18,630,264	
10467,47788.0,3138.08,46779.25,2524,365	
10464,90265.0,672.64,7743.93,199,136	
10465,82114.0,3378.41,35791.48,1102,336	
10462,55313.0,4925.49,77567.51,4258,365	
10463,77506.0,9824.9,116276.79,6523,365	
10460,34899.0,2858.75,44918.08,2489,362	
11040,120751.0,158.62,2317.03,46,32	
10468,43225.0,3982.23,66409.11,3915,364	
10469,69954.0,2278.78,25595.62,1338,323	
11411,93666.0,1025.12,13257.93,392,209	
11412,80823.0,855.49,10568.4,386,205	
11413,91263.0,4954.61,48938.34,1089,337	
11414,90543.0,6008.52,57064.91,1131,340	
11415,80185.0,9852.31,116664.04,5996,365	
10461,69608.0,3247.78,44150.4,2059,362	
11417,77103.0,5258.2,58349.87,1750,357	
11418,72887.0,9211.96,106606.05,4101,365	
11419,68973.0,4019.11,52739.09,2374,364	
11367,72653.0,40513.7,410214.45,9349,365	
11373,65470.0,60431.86,1000473.81,60167,365	
