[14, 14, 30, 27, 20, 14, 4, 8, 6, 8, 4, 0, '202954.0', '10065']	
[0, 1, 4, 0, 3, 0, 3, 0, 0, 1, 0, 3, '231506.0', '10069']	
[15678, 23794, 13443, 7151, 4160, 2074, 1203, 857, 672, 646, 1610, 1, '33985.0', '10453']	
[30208, 36900, 21467, 11237, 5826, 3544, 2930, 3010, 2483, 1564, 3322, 1, '35555.0', '10452']	
[38197, 60485, 31107, 16918, 10003, 6483, 4702, 4347, 3517, 1770, 4249, 2, '39062.0', '10451']	
[14699, 22914, 13825, 6759, 3464, 2088, 1159, 813, 583, 507, 1656, 1, '36013.0', '10457']	
[16352, 27583, 14737, 7315, 3495, 1827, 1131, 847, 756, 493, 1169, 0, '34536.0', '10456']	
[14674, 21762, 11283, 6550, 3365, 2132, 1546, 1156, 898, 440, 1054, 0, '33128.0', '10455']	
[7939, 12958, 8543, 4847, 3648, 2290, 1766, 1371, 807, 460, 1115, 1, '31670.0', '10454']	
[8037, 13106, 7875, 4410, 2841, 1731, 958, 609, 431, 307, 847, 2, '36133.0', '10459']	
[18223, 26818, 17570, 10963, 5858, 3166, 1766, 983, 753, 669, 3517, 4, '37866.0', '10458']	
[3048, 6369, 4956, 3203, 1680, 1272, 1385, 1494, 826, 565, 1735, 0, '59324.0', '11232']	
[8515, 13539, 10482, 7367, 3764, 1777, 1253, 949, 839, 989, 2077, 1, '49486.0', '11233']	
[1641, 3044, 2277, 1811, 1226, 804, 609, 463, 331, 297, 565, 1, '66944.0', '11385']	
[469, 769, 726, 585, 454, 305, 230, 131, 85, 59, 366, 2, '85437.0', '11234']	
[17205, 28010, 4402, 3493, 1746, 1095, 912, 664, 543, 344, 2693, 5, '67317.0', '11235']	
[5928, 12104, 10548, 6869, 5029, 3389, 2382, 1774, 1183, 701, 1700, 3, '57515.0', '11237']	
[2395, 4326, 3923, 3071, 1658, 902, 765, 797, 935, 674, 2081, 4, '72945.0', '11218']	
[0, 1, 0, 1, 1, 1, 0, 0, 0, 0, 0, 9, '316718.0', '10282']	
[0, 0, 1, 0, 4, 2, 0, 0, 1, 3, 2, 10, '182441.0', '10280']	
[186, 317, 1088, 1243, 727, 420, 242, 285, 173, 35, 303, 3, '164048.0', '11109']	
[484, 930, 832, 549, 342, 251, 175, 151, 138, 104, 158, 7, '84041.0', '11379']	
[1076, 3048, 2561, 1620, 959, 680, 544, 338, 205, 104, 407, 0, '69886.0', '11378']	
[74680, 53531, 22503, 20692, 17039, 12293, 8499, 5829, 3545, 3254, 8157, 1, '68309.0', '11102']	
[105440, 131208, 58601, 32716, 23649, 19054, 14559, 8909, 6682, 5645, 13323, 2, '72396.0', '11103']	
[97222, 157657, 71882, 34610, 20464, 14925, 10914, 7336, 4103, 3200, 10058, 3, '63387.0', '11377']	
[58845, 105107, 79557, 59399, 38195, 24783, 16625, 12540, 7924, 4594, 17254, 0, '73313.0', '11101']	
[73272, 82956, 32414, 27709, 24935, 13289, 8414, 6257, 4121, 3337, 9994, 1, '68551.0', '11106']	
[10764, 19797, 9627, 3181, 1838, 2253, 1851, 1252, 858, 508, 1221, 2, '69161.0', '11370']	
[15752, 28774, 19572, 16907, 11620, 7557, 3926, 2028, 1617, 831, 2998, 2, '71040.0', '11104']	
[54560, 57831, 18059, 12072, 7722, 8733, 8093, 5261, 3104, 2795, 6671, 5, '75740.0', '11105']	
[65997, 106564, 67261, 27570, 17627, 12958, 8408, 10671, 8049, 6402, 14462, 0, '94340.0', '11375']	
[16491, 31029, 18454, 12525, 7809, 5128, 3538, 4185, 3326, 2005, 3005, 1, '68255.0', '11374']	
[534, 936, 578, 293, 201, 154, 113, 83, 41, 39, 291, 0, '70010.0', '11229']	
[19825, 19261, 10618, 7468, 5782, 3669, 3485, 2943, 3078, 2882, 5782, 10, '62395.0', '10040']	
[105, 190, 89, 55, 59, 80, 64, 55, 44, 25, 196, 2, '86920.0', '11228']	
[292, 676, 795, 551, 729, 625, 409, 211, 155, 101, 371, 2, '112172.0', '10044']	
[141584, 215020, 188901, 155907, 91231, 56103, 50417, 35916, 17686, 12500, 38727, 2, '151787.0', '11201']	
[1222, 2627, 2181, 1594, 973, 445, 288, 215, 141, 154, 660, 0, '60629.0', '11203']	
[12454, 21074, 11181, 5265, 3085, 2260, 1624, 1832, 1170, 521, 1651, 3, '176612.0', '10128']	
[31777, 70654, 50333, 33575, 16486, 9489, 6544, 6054, 4869, 3328, 7087, 9, '73083.0', '11205']	
[199, 341, 250, 132, 89, 56, 34, 19, 28, 21, 150, 1, '63616.0', '11204']	
[1789, 3138, 2487, 1924, 1289, 1010, 509, 380, 333, 293, 763, 4, '45940.0', '11207']	
[23626, 56200, 35189, 21005, 13761, 8852, 6171, 4469, 2852, 1857, 5247, 3, '47277.0', '11206']	
[1093, 1297, 779, 457, 467, 577, 400, 322, 231, 248, 1062, 5, '84945.0', '11209']	
[1216, 1415, 823, 734, 586, 593, 427, 193, 140, 101, 380, 3, '45934.0', '11208']	
[107791, 148450, 61482, 30572, 14022, 11220, 10301, 8279, 5413, 3421, 8844, 0, '62444.0', '11372']	
[7069, 15680, 13454, 7860, 5267, 3365, 1670, 1106, 777, 739, 3353, 3, '59118.0', '11225']	
[3351, 4425, 2249, 1393, 1242, 867, 538, 572, 425, 331, 2773, 3, '47290.0', '11224']	
[35167, 50379, 19458, 10320, 6660, 4820, 3213, 2520, 2940, 3249, 12218, 0, '56401.0', '11368']	
[6701, 14455, 8726, 4228, 1759, 1365, 1325, 1094, 800, 571, 1358, 1, '67335.0', '11369']	
[159, 544, 293, 179, 87, 96, 67, 70, 37, 37, 189, 9, '93798.0', '11366']	
[373, 698, 386, 245, 139, 137, 130, 63, 45, 41, 349, 2, '61705.0', '11223']	
[85, 60, 39, 26, 22, 35, 19, 23, 19, 11, 90, 1, '86922.0', '11364']	
[141, 230, 525, 264, 189, 128, 115, 85, 89, 64, 229, 3, '74919.0', '11365']	
[21, 15, 7, 11, 12, 6, 7, 4, 15, 6, 55, 5, '94462.0', '11362']	
[10, 6, 4, 3, 3, 2, 1, 2, 1, 8, 16, 2, '124271.0', '11363']	
[80, 32, 20, 15, 15, 8, 13, 16, 9, 8, 169, 10, '99142.0', '11360']	
[56047, 96307, 34490, 52880, 50946, 30348, 17438, 9840, 4587, 2849, 9061, 5, '80886.0', '11222']	
[1223, 1733, 1056, 878, 601, 446, 308, 325, 362, 287, 908, 3, '53315.0', '11220']	
[1658, 2809, 2583, 1609, 888, 390, 168, 162, 138, 117, 409, 3, '40233.0', '11212']	
[5838, 10530, 8184, 5914, 2998, 1644, 1168, 731, 652, 644, 2470, 10, '47297.0', '11213']	
[2652, 4746, 3521, 2015, 1424, 864, 424, 314, 175, 163, 887, 2, '75085.0', '11210']	
[217572, 266082, 229981, 212805, 136944, 91333, 56813, 35456, 21375, 12374, 35679, 6, '77466.0', '11211']	
[20166, 31606, 12561, 6113, 3458, 2653, 2739, 2340, 1735, 878, 1971, 2, '46959.0', '10039']	
[0, 2, 6, 8, 4, 7, 4, 6, 1, 3, 8, 6, '121805.0', '10038']	
[324, 398, 333, 234, 120, 90, 49, 61, 55, 32, 305, 10, '62934.0', '11214']	
[55959, 93908, 59767, 25797, 24796, 19120, 13405, 9680, 7133, 5586, 15275, 2, '139886.0', '11215']	
[116675, 218365, 132336, 60848, 31322, 21130, 18672, 9515, 4969, 3466, 10197, 1, '46813.0', '10035']	
[18666, 26619, 13052, 9466, 6833, 4559, 3019, 3247, 3000, 3091, 6815, 1, '58725.0', '10034']	
[27385, 33831, 12777, 7256, 5885, 4238, 3781, 3126, 1663, 1071, 2695, 0, '48731.0', '10037']	
[8, 9, 4, 14, 25, 39, 25, 17, 9, 7, 9, 4, '113730.0', '10036']	
[70234, 100619, 50727, 27034, 18501, 18384, 15194, 10621, 8410, 4390, 8266, 2, '56188.0', '10031']	
[64208, 73396, 24757, 13147, 8855, 7220, 6753, 6293, 3621, 2003, 4688, 1, '52572.0', '10030']	
[40386, 40378, 22884, 18756, 9888, 9926, 7576, 8862, 6521, 4998, 9176, 10, '65125.0', '10033']	
[59115, 64882, 45109, 30291, 22709, 23804, 21697, 19568, 12890, 9308, 15591, 1, '49670.0', '10032']	
[8, 7, 5, 2, 3, 2, 1, 0, 0, 1, 3, 5, '119250.0', '11001']	
[140, 244, 167, 77, 77, 67, 78, 63, 42, 37, 124, 3, '82641.0', '11358']	
[9, 3, 9, 7, 1, 10, 8, 6, 8, 8, 21, 7, '92034.0', '11005']	
[15, 6, 4, 6, 13, 35, 5, 8, 5, 8, 22, 1, '95851.0', '11004']	
[2, 1, 2, 1, 2, 0, 3, 0, 2, 0, 12, 0, '100398.0', '11697']	
[17, 11, 11, 5, 2, 3, 3, 2, 6, 6, 68, 0, '95102.0', '11694']	
[48, 71, 77, 38, 38, 45, 45, 28, 19, 13, 92, 3, '91409.0', '11357']	
[140, 224, 338, 203, 153, 109, 91, 90, 50, 41, 358, 10, '73994.0', '11356']	
[1859, 2089, 2055, 2181, 1544, 763, 718, 567, 387, 522, 1129, 0, '56359.0', '11355']	
[24125, 50457, 47848, 24507, 10313, 7789, 5773, 3207, 2292, 2148, 9253, 2, '63883.0', '11354']	
[29732, 57891, 43051, 24607, 13060, 8405, 5035, 3521, 2828, 2962, 9055, 1, '63003.0', '11216']	
[73514, 154546, 79198, 67823, 44167, 21169, 13966, 10358, 7252, 4876, 17450, 10, '120590.0', '11217']	
[2, 0, 2, 1, 0, 0, 2, 0, 0, 0, 2, 0, '111477.0', '10309']	
[1, 0, 1, 0, 0, 1, 0, 0, 0, 0, 2, 10, '101261.0', '10308']	
[5, 3, 5, 3, 1, 0, 1, 1, 1, 2, 3, 8, '94614.0', '10306']	
[12, 12, 18, 12, 9, 5, 9, 1, 1, 5, 16, 0, '83184.0', '10305']	
[18, 31, 16, 13, 15, 7, 3, 1, 5, 1, 18, 4, '79892.0', '10304']	
[31, 55, 46, 87, 77, 154, 98, 35, 12, 2, 18, 5, '67301.0', '10303']	
[23, 55, 40, 35, 20, 10, 4, 2, 0, 0, 8, 2, '68842.0', '10302']	
[222, 303, 291, 165, 125, 113, 84, 43, 27, 7, 114, 0, '76813.0', '10301']	
[26, 63, 55, 18, 11, 7, 5, 5, 5, 3, 2, 4, '203702.0', '10028']	
[188633, 294420, 135471, 70237, 43186, 32992, 24106, 17955, 10602, 6754, 17617, 3, '60941.0', '10029']	
[110037, 145890, 53611, 35643, 20205, 12589, 10011, 9233, 5312, 2165, 8282, 2, '76406.0', '10026']	
[255453, 296549, 132175, 76688, 51480, 38524, 31420, 25615, 15439, 7169, 22875, 2, '70220.0', '10027']	
[447, 521, 444, 310, 252, 219, 126, 121, 77, 39, 184, 5, '195208.0', '10024']	
[65740, 95592, 60426, 35434, 19128, 12633, 7753, 6682, 5727, 1629, 7020, 0, '120674.0', '10025']	
[15, 23, 41, 42, 32, 15, 13, 12, 10, 7, 14, 2, '221140.0', '10022']	
[6, 14, 48, 49, 23, 19, 12, 12, 10, 3, 6, 3, '185157.0', '10023']	
[10126, 22275, 17277, 9904, 6279, 4106, 2598, 1963, 1622, 1387, 3052, 10, '53275.0', '11221']	
[7, 35, 32, 26, 8, 5, 6, 8, 3, 0, 3, 6, '204533.0', '10021']	
[83, 78, 88, 72, 54, 25, 27, 18, 23, 18, 125, 10, '83725.0', '11429']	
[426, 837, 692, 501, 364, 208, 127, 113, 90, 98, 336, 10, '51454.0', '11219']	
[1072, 1818, 1344, 1043, 735, 373, 218, 183, 140, 169, 920, 2, '66750.0', '11230']	
[64, 52, 87, 83, 40, 24, 17, 14, 15, 28, 70, 6, '77377.0', '11428']	
[534, 733, 732, 701, 420, 261, 200, 143, 135, 81, 302, 2, '78375.0', '11421']	
[641, 1023, 1126, 1152, 1069, 1139, 1075, 854, 841, 543, 2319, 6, '76420.0', '11420']	
[164, 283, 268, 148, 90, 69, 56, 36, 50, 33, 245, 4, '78204.0', '11423']	
[51, 28, 17, 18, 15, 19, 19, 14, 3, 4, 69, 0, '92001.0', '11422']	
[75, 81, 108, 92, 59, 56, 27, 21, 21, 23, 115, 3, '85937.0', '11427']	
[47, 41, 28, 53, 23, 21, 22, 17, 10, 9, 68, 4, '96119.0', '11426']	
[10, 23, 32, 15, 10, 1, 1, 2, 0, 3, 6, 3, '78919.0', '10310']	
[2, 0, 0, 0, 0, 0, 0, 0, 0, 0, 2, 10, '103272.0', '10312']	
[33, 31, 26, 34, 20, 26, 19, 18, 10, 6, 38, 0, '94547.0', '10314']	
[28410, 52975, 23583, 20227, 17879, 15346, 10429, 7910, 5692, 3307, 9626, 1, '118321.0', '11231']	
[36860, 76997, 52156, 38040, 24398, 12124, 7097, 4958, 4683, 4463, 12530, 1, '89269.0', '11238']	
[125, 331, 276, 162, 112, 67, 78, 55, 38, 17, 58, 7, '38019.0', '11239']	
[17, 17, 23, 47, 27, 31, 24, 17, 11, 9, 11, 1, '137685.0', '10019']	
[5, 10, 1, 6, 16, 15, 14, 5, 8, 4, 7, 4, '141782.0', '10018']	
[6, 9, 25, 30, 19, 13, 5, 3, 5, 7, 10, 5, '220757.0', '10013']	
[3, 2, 24, 34, 17, 8, 5, 5, 6, 2, 4, 3, '141594.0', '10012']	
[7, 12, 4, 7, 32, 20, 25, 13, 9, 8, 12, 7, '193307.0', '10011']	
[1, 6, 2, 10, 20, 15, 13, 4, 2, 5, 9, 0, '150684.0', '10010']	
[8, 11, 15, 18, 12, 18, 27, 15, 7, 8, 9, 6, '161962.0', '10017']	
[6, 13, 24, 31, 37, 28, 22, 10, 16, 15, 33, 10, '152088.0', '10016']	
[578, 1085, 841, 597, 394, 225, 182, 108, 85, 85, 269, 2, '73164.0', '11236']	
[6, 6, 1, 8, 20, 11, 13, 9, 8, 5, 13, 8, '175237.0', '10014']	
[212, 267, 227, 157, 128, 91, 87, 41, 39, 24, 90, 8, '73653.0', '11416']	
[3393, 5744, 3225, 2366, 1677, 1002, 1018, 795, 445, 414, 1725, 2, '67770.0', '11432']	
[1014, 1503, 1275, 1100, 619, 423, 304, 245, 191, 143, 530, 4, '58601.0', '11433']	
[138, 141, 169, 120, 58, 40, 31, 38, 39, 31, 260, 10, '74994.0', '11436']	
[176, 331, 406, 257, 151, 66, 53, 45, 65, 63, 282, 2, '70272.0', '11434']	
[16726, 35630, 25090, 16420, 9959, 8403, 5483, 4172, 2297, 2335, 8714, 1, '65791.0', '11435']	
[0, 0, 0, 7, 5, 0, 0, 1, 4, 3, 4, 9, '181042.0', '10004']	
[1, 4, 1, 1, 3, 3, 1, 1, 0, 0, 0, 6, '175864.0', '10005']	
[1, 0, 1, 1, 2, 2, 0, 0, 0, 0, 0, 5, '161202.0', '10006']	
[4, 9, 11, 13, 7, 3, 3, 2, 5, 3, 3, 2, '430777.0', '10007']	
[14, 12, 6, 6, 34, 42, 37, 12, 20, 11, 16, 4, '151316.0', '10001']	
[11, 23, 51, 43, 37, 10, 12, 10, 8, 11, 17, 4, '60564.0', '10002']	
[9, 14, 22, 35, 35, 23, 10, 4, 14, 8, 12, 6, '156983.0', '10003']	
[14, 3, 5, 2, 2, 0, 1, 1, 0, 3, 39, 10, '58042.0', '11692']	
[5, 4, 14, 25, 11, 14, 11, 10, 10, 5, 7, 2, '86010.0', '10009']	
[15, 7, 8, 7, 2, 4, 4, 2, 5, 4, 49, 10, '62443.0', '11693']	
[521, 698, 774, 692, 530, 476, 297, 165, 131, 101, 288, 10, '59944.0', '10475']	
[561, 995, 864, 635, 596, 402, 212, 146, 99, 65, 174, 2, '34096.0', '10474']	
[570, 978, 646, 419, 325, 238, 163, 137, 103, 105, 434, 5, '100733.0', '10471']	
[202, 247, 183, 142, 100, 103, 62, 62, 27, 27, 103, 2, '70004.0', '10470']	
[2362, 3714, 2399, 1711, 1691, 1371, 819, 429, 195, 133, 513, 0, '53120.0', '10473']	
[7495, 11230, 6340, 4890, 3717, 2462, 1433, 769, 430, 358, 1305, 0, '43989.0', '10472']	
[42, 21, 12, 8, 3, 3, 4, 0, 2, 4, 42, 0, '56999.0', '11691']	
[295, 407, 263, 190, 130, 91, 94, 86, 69, 53, 259, 2, '92549.0', '11361']	
[5765, 9259, 8864, 6982, 4093, 2489, 1481, 837, 765, 779, 3019, 5, '55874.0', '11226']	
[7, 29, 21, 11, 7, 6, 3, 3, 2, 1, 5, 0, '200745.0', '10075']	
[708, 810, 641, 520, 429, 339, 235, 176, 134, 93, 238, 0, '55669.0', '10466']	
[8909, 14126, 11391, 7812, 6292, 3324, 1907, 1372, 1000, 663, 4150, 8, '47788.0', '10467']	
[49, 29, 55, 68, 76, 72, 95, 60, 32, 24, 94, 10, '90265.0', '10464']	
[627, 946, 1017, 816, 680, 562, 475, 305, 243, 111, 402, 2, '82114.0', '10465']	
[16848, 21184, 12620, 9403, 6823, 4177, 3330, 1939, 974, 790, 3642, 4, '55313.0', '10462']	
[15401, 21240, 10350, 5163, 4198, 2975, 1910, 1148, 914, 769, 2887, 0, '77506.0', '10463']	
[8697, 14794, 9490, 5121, 2744, 2064, 1272, 723, 397, 405, 1686, 0, '34899.0', '10460']	
[3, 2, 3, 3, 1, 0, 2, 1, 1, 0, 5, 1, '120751.0', '11040']	
[23573, 29010, 15828, 9522, 6561, 3988, 2101, 1151, 796, 692, 2918, 0, '43225.0', '10468']	
[1420, 2287, 1733, 1120, 763, 530, 363, 237, 159, 145, 430, 1, '69954.0', '10469']	
[33, 25, 23, 20, 19, 7, 9, 8, 9, 4, 27, 10, '93666.0', '11411']	
[69, 98, 105, 68, 21, 17, 10, 12, 6, 13, 121, 3, '80823.0', '11412']	
[46, 34, 29, 28, 33, 64, 23, 12, 10, 7, 148, 4, '91263.0', '11413']	
[53, 79, 64, 39, 60, 67, 51, 36, 47, 19, 121, 1, '90543.0', '11414']	
[24280, 28424, 17041, 10579, 7416, 4774, 5731, 2138, 2040, 1744, 4739, 1, '80185.0', '11415']	
[6625, 14355, 11106, 8037, 5167, 2746, 1848, 1253, 1015, 740, 2540, 7, '69608.0', '10461']	
[326, 450, 286, 187, 231, 304, 187, 101, 80, 63, 255, 0, '77103.0', '11417']	
[1731, 3276, 1659, 1003, 577, 699, 625, 384, 250, 303, 956, 0, '72887.0', '11418']	
[654, 1386, 685, 287, 274, 409, 180, 134, 104, 81, 380, 10, '68973.0', '11419']	
[932, 2639, 1625, 775, 558, 458, 389, 411, 280, 195, 1002, 2, '72653.0', '11367']	
[125475, 224318, 92245, 50166, 33006, 21713, 14578, 11619, 6884, 4536, 10470, 3, '65470.0', '11373']	
