10004,181042.0,365,0,42390,21004,17293,9833,4436,393,111,0,0,0	
10005,175864.0,365,0,56411,29318,17646,9889,2504,323,0,0,0,0	
10007,430777.0,365,0,129336,66997,27436,11142,2547,409,0,0,0,0	
10001,151316.0,365,0,438000,224343,47845,11059,1803,94,2,1,0,0	
10002,60564.0,365,0,288412,176624,41069,7059,518,6,0,0,0,0	
10003,156983.0,365,0,659984,266677,51154,8340,455,20,2,0,0,0	
11233,49486.0,127,0,935,395,235,174,46,14,4,1,0,0	
10069,231506.0,84,0,1606,1372,627,183,378,69,1,0,0,0	
10009,86010.0,365,0,256053,160437,37605,2033,109,0,0,0,0,0	
11201,151787.0,365,0,176644,84612,23303,9407,4791,607,44,0,0,0	
11205,73083.0,365,0,65259,26080,7630,3647,1357,241,4,0,0,0	
10028,203702.0,112,0,15683,16841,6499,2625,853,241,29,0,0,0	
11206,47277.0,135,0,11805,6300,2962,1600,203,18,1,0,0,0	
10024,195208.0,112,0,12698,15154,5668,3360,1449,1068,119,0,0,0	
10022,221140.0,365,0,111674,98987,27370,6977,3028,309,0,0,0,0	
10023,185157.0,365,0,59732,43329,15092,5263,3352,727,23,0,0,0	
11221,53275.0,128,0,3511,1330,796,290,157,37,2,0,0,0	
10021,204533.0,118,0,10617,10886,3575,1292,352,124,3,0,0,0	
10010,150684.0,365,0,221329,106461,17384,3484,237,0,2,0,0,0	
10065,202954.0,123,0,24133,17070,5056,1614,410,79,2,0,1,0	
11222,80886.0,142,0,42055,11733,4783,1452,13,0,0,0,0,0	
11220,53315.0,10,0,0,0,0,8,3,0,0,0,0,0	
10075,200745.0,113,0,6638,5256,1907,787,212,103,9,0,0,1	
10282,316718.0,365,0,29292,17469,8846,6611,1438,138,0,0,0,0	
10280,182441.0,365,0,32435,10675,10568,5851,2255,304,0,0,0,0	
11238,89269.0,365,0,22763,10884,5507,3663,1406,278,17,1,0,0	
10019,137685.0,365,0,312943,186161,51158,31251,8955,744,21,0,5,0	
10018,141782.0,365,0,175951,92104,18428,5573,892,118,0,0,0,0	
11216,63003.0,364,0,10984,4868,3135,1524,555,79,7,1,0,0	
10038,121805.0,365,0,84002,36917,15293,4621,1268,110,0,0,0,0	
10013,220757.0,365,0,233701,126004,47214,22110,1777,290,0,0,0,0	
10012,141594.0,365,0,247519,108527,27468,5041,597,1,0,0,0,0	
10011,193307.0,365,0,511077,245560,52028,6338,745,31,4,0,0,0	
10036,113730.0,365,0,223482,113948,25658,16035,2045,170,1,3,0,0	
10017,161962.0,365,0,213000,128229,28497,11599,2304,58,0,1,0,0	
10016,152088.0,365,0,324236,189857,32232,9869,1061,2,0,4,0,0	
10014,175237.0,365,0,297214,209484,49997,6301,941,12,2,0,0,0	
11101,73313.0,149,0,17817,7478,3472,721,324,9,0,0,0,0	
11211,77466.0,365,0,87045,55963,33426,4800,306,20,1,0,0,0	
11217,120590.0,365,0,39133,14066,10267,3417,1742,547,15,0,0,0	
