[1556314, 2094029, 874519, 433092, 159189, 89155, 71910, 65130, 37558, 38461, 86230, '202954.0', '10065']	
[71888, 120934, 90070, 31817, 18162, 9424, 3586, 1245, 1221, 923, 9940, '231506.0', '10069']	
[679, 935, 608, 417, 256, 148, 105, 92, 81, 86, 250, '33985.0', '10453']	
[1929, 2420, 1485, 886, 551, 437, 401, 421, 393, 255, 644, '35555.0', '10452']	
[5324, 7894, 4282, 2412, 1831, 1344, 1151, 1175, 1012, 444, 1428, '39062.0', '10451']	
[520, 706, 428, 239, 158, 116, 74, 54, 44, 56, 211, '36013.0', '10457']	
[871, 1281, 795, 449, 272, 159, 99, 84, 110, 78, 220, '34536.0', '10456']	
[1019, 1293, 863, 520, 325, 258, 174, 175, 123, 96, 230, '33128.0', '10455']	
[2267, 4212, 2493, 1390, 1241, 964, 854, 783, 476, 276, 674, '31670.0', '10454']	
[337, 446, 309, 201, 143, 91, 101, 69, 67, 35, 131, '36133.0', '10459']	
[509, 623, 394, 278, 145, 99, 66, 54, 45, 52, 403, '37866.0', '10458']	
[1986, 4192, 3096, 2088, 1380, 1086, 1207, 1075, 659, 569, 1572, '59324.0', '11232']	
[1750, 2916, 2345, 1703, 923, 566, 446, 371, 304, 280, 938, '49486.0', '11233']	
[1488, 2300, 1516, 1211, 756, 533, 440, 339, 307, 264, 662, '66944.0', '11385']	
[336, 476, 378, 278, 169, 129, 91, 43, 48, 59, 392, '85437.0', '11234']	
[532, 545, 250, 207, 138, 91, 72, 71, 44, 37, 573, '67317.0', '11235']	
[6046, 11617, 9260, 5546, 4260, 2948, 2234, 1762, 1098, 635, 1637, '57515.0', '11237']	
[3420, 4751, 3829, 3187, 1707, 1026, 1060, 885, 934, 837, 2649, '72945.0', '11218']	
[71278, 119889, 75680, 78343, 73840, 34854, 39311, 25204, 8804, 4321, 25095, '316718.0', '10282']	
[63978, 85392, 73714, 68591, 71859, 51806, 45477, 19360, 7077, 3439, 28802, '182441.0', '10280']	
[225, 402, 1175, 1241, 766, 440, 259, 223, 121, 50, 230, '164048.0', '11109']	
[356, 622, 523, 343, 240, 162, 127, 108, 86, 107, 174, '84041.0', '11379']	
[1373, 2647, 1844, 1295, 1595, 1917, 1401, 614, 365, 340, 2118, '69886.0', '11378']	
[30260, 35799, 14358, 23136, 24200, 16132, 9822, 5431, 3597, 3056, 7184, '68309.0', '11102']	
[30424, 34982, 16450, 10883, 10945, 9502, 6806, 4203, 3344, 2704, 7081, '72396.0', '11103']	
[29347, 37269, 19845, 14648, 17822, 12939, 7755, 4463, 2926, 2816, 7079, '63387.0', '11377']	
[77642, 131521, 115508, 85853, 55169, 35182, 21188, 15685, 11461, 9120, 43690, '73313.0', '11101']	
[46706, 50187, 26397, 34489, 30291, 16218, 7909, 5008, 4352, 3077, 10438, '68551.0', '11106']	
[8677, 17739, 6362, 2150, 1833, 2757, 3017, 2041, 1627, 1184, 3089, '69161.0', '11370']	
[17279, 32590, 21577, 36555, 28160, 16133, 6763, 3253, 2696, 1781, 5250, '71040.0', '11104']	
[18243, 17416, 7743, 5877, 5239, 6559, 5107, 2991, 1801, 1596, 3898, '75740.0', '11105']	
[4587, 6081, 3908, 2278, 1575, 1439, 1400, 1838, 2842, 1714, 3312, '94340.0', '11375']	
[2565, 3947, 2771, 2011, 1432, 1081, 1054, 2270, 2090, 1022, 1684, '68255.0', '11374']	
[333, 499, 239, 148, 83, 63, 44, 35, 39, 26, 290, '70010.0', '11229']	
[3061, 2752, 1396, 1053, 923, 676, 750, 676, 761, 668, 1325, '62395.0', '10040']	
[236, 383, 163, 80, 56, 79, 62, 53, 34, 39, 263, '86920.0', '11228']	
[1524, 2782, 1831, 1571, 1900, 1527, 809, 521, 311, 220, 811, '112172.0', '10044']	
[97407, 143381, 163883, 139962, 88809, 65347, 58282, 43773, 19942, 15072, 43357, '151787.0', '11201']	
[611, 1102, 836, 592, 320, 156, 124, 81, 83, 91, 370, '60629.0', '11203']	
[847274, 1142056, 748487, 365983, 207064, 110516, 66493, 72963, 56267, 22809, 62132, '176612.0', '10128']	
[18964, 37296, 28936, 20959, 11003, 6573, 4281, 3323, 2654, 1892, 4391, '73083.0', '11205']	
[434, 599, 329, 200, 110, 85, 46, 35, 48, 47, 308, '63616.0', '11204']	
[812, 1307, 1054, 809, 542, 441, 277, 229, 215, 170, 551, '45940.0', '11207']	
[22285, 48438, 29206, 18812, 12575, 8492, 5938, 4307, 2496, 1678, 5131, '47277.0', '11206']	
[1250, 1439, 747, 490, 422, 400, 342, 356, 247, 265, 1306, '84945.0', '11209']	
[359, 533, 296, 279, 241, 208, 194, 81, 76, 96, 496, '45934.0', '11208']	
[11862, 13740, 7060, 3896, 1881, 2037, 2339, 1924, 1243, 835, 2297, '62444.0', '11372']	
[3279, 7428, 6088, 3591, 2580, 2115, 1184, 935, 618, 484, 1949, '59118.0', '11225']	
[146, 136, 99, 45, 34, 29, 19, 14, 19, 20, 281, '47290.0', '11224']	
[2783, 3346, 1673, 1056, 778, 593, 512, 785, 1882, 2161, 5001, '56401.0', '11368']	
[4097, 8297, 5231, 3014, 1551, 1964, 2346, 2606, 3197, 3633, 11051, '67335.0', '11369']	
[75, 196, 106, 45, 33, 24, 24, 22, 20, 11, 93, '93798.0', '11366']	
[490, 540, 315, 180, 115, 81, 64, 95, 36, 28, 345, '61705.0', '11223']	
[107, 113, 57, 44, 31, 18, 9, 14, 15, 15, 111, '86922.0', '11364']	
[237, 243, 208, 110, 94, 88, 34, 41, 47, 30, 223, '74919.0', '11365']	
[46, 29, 24, 15, 12, 7, 7, 5, 5, 4, 62, '94462.0', '11362']	
[12, 17, 13, 9, 5, 4, 2, 2, 3, 0, 26, '124271.0', '11363']	
[24, 44, 15, 17, 15, 8, 11, 7, 3, 10, 61, '99142.0', '11360']	
[38423, 55894, 25581, 35938, 30106, 18987, 11576, 6416, 3021, 2332, 6433, '80886.0', '11222']	
[1311, 1733, 977, 703, 514, 414, 310, 334, 378, 314, 1026, '53315.0', '11220']	
[340, 598, 553, 313, 183, 94, 61, 55, 53, 62, 197, '40233.0', '11212']	
[2120, 3845, 3049, 2249, 1143, 790, 642, 407, 396, 341, 1408, '47297.0', '11213']	
[691, 1067, 778, 626, 490, 249, 157, 133, 107, 94, 564, '75085.0', '11210']	
[168888, 218556, 216836, 175521, 111368, 74352, 47123, 29000, 17872, 10315, 28490, '77466.0', '11211']	
[4286, 6680, 2918, 1555, 995, 922, 801, 742, 604, 343, 700, '46959.0', '10039']	
[102538, 169951, 128033, 125275, 134584, 112601, 50657, 23652, 12761, 8374, 49743, '121805.0', '10038']	
[489, 511, 351, 264, 119, 102, 64, 59, 42, 40, 559, '62934.0', '11214']	
[31668, 54528, 35582, 18142, 20420, 15392, 11029, 7654, 5694, 4183, 11386, '139886.0', '11215']	
[64658, 95270, 53086, 30105, 20669, 16799, 14006, 6686, 3678, 2659, 9587, '46813.0', '10035']	
[2951, 3445, 1880, 1351, 1398, 1113, 782, 854, 948, 1026, 2306, '58725.0', '10034']	
[12282, 14059, 5425, 3798, 3831, 2543, 2644, 1816, 909, 541, 1686, '48731.0', '10037']	
[1818499, 2468826, 1128340, 661401, 324651, 201444, 131496, 90773, 66857, 75668, 358817, '113730.0', '10036']	
[36700, 58134, 35681, 19755, 15610, 20119, 15782, 10431, 8463, 4069, 7535, '56188.0', '10031']	
[17994, 21667, 8052, 4662, 3807, 3183, 2664, 2691, 1551, 859, 2236, '52572.0', '10030']	
[10227, 8007, 4934, 4822, 2965, 3882, 3061, 3894, 2695, 2130, 4147, '65125.0', '10033']	
[18582, 19813, 15803, 10509, 8447, 8730, 10633, 9397, 6203, 4986, 6895, '49670.0', '10032']	
[33, 32, 19, 8, 12, 8, 2, 1, 2, 3, 21, '119250.0', '11001']	
[72, 151, 90, 42, 44, 31, 22, 22, 14, 17, 108, '82641.0', '11358']	
[9, 12, 11, 6, 2, 1, 0, 4, 2, 1, 22, '92034.0', '11005']	
[135, 84, 39, 31, 20, 9, 12, 9, 6, 12, 66, '95851.0', '11004']	
[18, 36, 16, 7, 8, 5, 1, 2, 0, 0, 6, '100398.0', '11697']	
[32, 29, 11, 5, 5, 3, 1, 1, 0, 2, 26, '95102.0', '11694']	
[146, 147, 86, 57, 48, 41, 38, 33, 31, 22, 242, '91409.0', '11357']	
[107, 115, 116, 76, 50, 40, 33, 38, 32, 15, 123, '73994.0', '11356']	
[675, 579, 481, 440, 363, 182, 154, 145, 130, 171, 567, '56359.0', '11355']	
[2636, 3647, 2442, 1605, 877, 651, 509, 328, 248, 329, 1630, '63883.0', '11354']	
[10057, 19942, 15904, 9846, 5793, 3937, 2707, 1915, 1361, 1216, 3944, '63003.0', '11216']	
[48490, 103211, 53372, 55535, 41629, 22774, 14818, 11824, 8233, 5598, 18403, '120590.0', '11217']	
[9, 6, 5, 2, 0, 1, 0, 0, 0, 0, 8, '111477.0', '10309']	
[1, 5, 4, 3, 4, 3, 0, 0, 0, 0, 5, '101261.0', '10308']	
[2, 0, 0, 0, 0, 1, 0, 0, 1, 1, 3, '104973.0', '10307']	
[16, 18, 7, 5, 6, 10, 5, 3, 1, 1, 20, '94614.0', '10306']	
[62, 69, 31, 48, 33, 19, 16, 9, 11, 11, 103, '83184.0', '10305']	
[37, 47, 35, 11, 9, 6, 9, 4, 2, 5, 41, '79892.0', '10304']	
[24, 25, 13, 2, 6, 3, 2, 3, 1, 1, 15, '67301.0', '10303']	
[13, 15, 8, 4, 4, 2, 2, 3, 0, 1, 9, '68842.0', '10302']	
[28, 33, 18, 17, 12, 6, 5, 4, 3, 6, 38, '76813.0', '10301']	
[1297862, 1401476, 838037, 411403, 206407, 100856, 69257, 57796, 62960, 22586, 57819, '203702.0', '10028']	
[230979, 351085, 185751, 106230, 69163, 47137, 29758, 24171, 14754, 7782, 21889, '60941.0', '10029']	
[78966, 110038, 52553, 40735, 23527, 13270, 9270, 9200, 5540, 1922, 8611, '76406.0', '10026']	
[142105, 188841, 107327, 70944, 51073, 34225, 25137, 20828, 12848, 4783, 17927, '70220.0', '10027']	
[917432, 1560189, 871269, 341933, 168648, 133124, 68811, 30574, 20124, 37967, 81874, '195208.0', '10024']	
[765560, 1133638, 724551, 380988, 204841, 123640, 85105, 57642, 43246, 29055, 67875, '120674.0', '10025']	
[2256440, 3557261, 1676036, 730029, 240550, 193477, 158704, 106807, 70695, 83394, 258723, '221140.0', '10022']	
[1365163, 2320942, 1292302, 412964, 230016, 130710, 66839, 36398, 29590, 30875, 132866, '185157.0', '10023']	
[7301, 14861, 10446, 5613, 4126, 2821, 1932, 1360, 1114, 736, 1930, '53275.0', '11221']	
[1484609, 1852081, 913942, 456832, 197018, 97462, 86745, 63117, 59728, 36694, 66197, '204533.0', '10021']	
[118, 105, 35, 34, 30, 18, 11, 8, 17, 14, 69, '83725.0', '11429']	
[355, 554, 342, 260, 134, 129, 65, 53, 62, 54, 314, '51454.0', '11219']	
[1784, 1945, 1370, 880, 609, 322, 229, 238, 189, 225, 1101, '66750.0', '11230']	
[70, 69, 29, 24, 11, 4, 8, 5, 6, 13, 83, '77377.0', '11428']	
[261, 285, 369, 402, 194, 117, 97, 73, 77, 109, 299, '78375.0', '11421']	
[762, 759, 603, 571, 251, 164, 140, 122, 147, 146, 1991, '76420.0', '11420']	
[128, 170, 79, 42, 29, 15, 9, 16, 5, 11, 96, '78204.0', '11423']	
[108, 96, 75, 67, 50, 32, 32, 18, 14, 7, 161, '92001.0', '11422']	
[208, 156, 147, 68, 67, 34, 23, 13, 28, 26, 269, '85937.0', '11427']	
[537, 157, 99, 89, 77, 32, 38, 23, 28, 25, 153, '96119.0', '11426']	
[7, 16, 4, 10, 6, 4, 2, 1, 0, 2, 7, '78919.0', '10310']	
[17, 13, 9, 6, 5, 2, 2, 0, 0, 0, 12, '103272.0', '10312']	
[80, 66, 47, 25, 9, 16, 10, 7, 4, 3, 57, '94547.0', '10314']	
[32607, 50948, 23126, 28452, 22106, 19390, 14079, 12020, 9168, 4763, 12864, '118321.0', '11231']	
[18009, 37305, 25154, 19652, 15083, 8119, 5029, 3297, 2919, 2407, 6776, '89269.0', '11238']	
[52, 77, 53, 28, 32, 15, 21, 17, 9, 11, 95, '38019.0', '11239']	
[2567746, 3951063, 1917552, 932476, 473471, 262327, 174229, 126711, 83112, 89080, 480292, '137685.0', '10019']	
[1234538, 1722079, 700395, 368162, 156970, 105347, 66588, 44445, 38802, 51945, 161147, '141782.0', '10018']	
[703329, 1235877, 827018, 633942, 293825, 170986, 99992, 70862, 41411, 29389, 125428, '220757.0', '10013']	
[922806, 1584716, 956972, 603691, 311731, 156593, 84853, 46435, 31505, 31188, 104103, '141594.0', '10012']	
[2049397, 3187961, 1588434, 561553, 397041, 230771, 140328, 76990, 50766, 45803, 189321, '193307.0', '10011']	
[1119569, 2009815, 706397, 351563, 190984, 121941, 53450, 29100, 26902, 41013, 95601, '150684.0', '10010']	
[1804894, 2672410, 1336096, 419004, 210187, 193575, 132612, 56868, 70091, 80582, 267141, '161962.0', '10017']	
[2158095, 3297110, 1382544, 499237, 338668, 215151, 107240, 57641, 86159, 78211, 203399, '152088.0', '10016']	
[320, 452, 290, 193, 148, 70, 54, 58, 43, 43, 267, '73164.0', '11236']	
[992990, 2143975, 1158603, 477539, 325019, 205299, 111928, 58681, 38656, 28066, 134544, '175237.0', '10014']	
[160, 144, 95, 69, 38, 39, 35, 22, 20, 14, 141, '73653.0', '11416']	
[1250, 1526, 654, 405, 292, 264, 322, 269, 138, 157, 853, '67770.0', '11432']	
[114, 148, 78, 56, 38, 37, 22, 13, 18, 15, 108, '58601.0', '11433']	
[739, 612, 574, 540, 190, 111, 101, 106, 118, 111, 18293, '74994.0', '11436']	
[287, 334, 333, 297, 181, 70, 71, 41, 78, 72, 1402, '70272.0', '11434']	
[2551, 2108, 1126, 858, 766, 893, 642, 296, 291, 307, 20850, '65791.0', '11435']	
[69112, 97641, 76999, 91871, 114337, 122702, 74498, 29680, 14813, 8853, 44150, '181042.0', '10004']	
[56462, 127873, 92884, 104362, 115639, 118496, 59857, 23672, 12000, 7091, 49844, '175864.0', '10005']	
[39867, 57640, 54305, 55260, 52866, 35432, 25599, 12882, 5740, 3605, 22958, '161202.0', '10006']	
[248954, 314738, 245301, 226524, 141141, 86615, 59039, 32387, 17691, 10795, 59053, '430777.0', '10007']	
[2258281, 4222508, 1662488, 874928, 408052, 262979, 161417, 103724, 70379, 84366, 260331, '151316.0', '10001']	
[478918, 743716, 663157, 488470, 286222, 142260, 83859, 54097, 41397, 38181, 85569, '60564.0', '10002']	
[2037175, 3280334, 1532423, 832220, 507316, 277145, 135766, 70757, 53107, 65399, 204935, '156983.0', '10003']	
[10, 9, 4, 2, 2, 0, 0, 1, 1, 3, 10, '58042.0', '11692']	
[539656, 895934, 568027, 366983, 206732, 114597, 62667, 35700, 22141, 24790, 73322, '86010.0', '10009']	
[23, 41, 16, 14, 11, 6, 2, 2, 2, 6, 44, '62443.0', '11693']	
[55, 107, 65, 48, 28, 30, 26, 17, 13, 18, 125, '59944.0', '10475']	
[91, 152, 111, 70, 42, 37, 15, 13, 14, 16, 58, '34096.0', '10474']	
[237, 344, 182, 130, 82, 69, 46, 34, 58, 54, 366, '100733.0', '10471']	
[199, 152, 89, 56, 47, 25, 26, 20, 12, 10, 108, '70004.0', '10470']	
[265, 300, 178, 131, 101, 100, 101, 42, 34, 23, 112, '53120.0', '10473']	
[497, 681, 354, 269, 209, 181, 114, 87, 65, 81, 288, '43989.0', '10472']	
[21, 23, 11, 5, 7, 4, 2, 4, 5, 1, 45, '56999.0', '11691']	
[75, 108, 77, 64, 35, 30, 26, 21, 28, 18, 134, '92549.0', '11361']	
[2837, 3926, 4120, 3179, 1799, 1238, 908, 589, 581, 586, 2020, '55874.0', '11226']	
[640656, 741123, 417307, 215902, 101769, 49915, 40855, 25070, 31475, 12727, 29128, '200745.0', '10075']	
[78, 100, 56, 37, 35, 27, 20, 21, 23, 9, 73, '55669.0', '10466']	
[475, 570, 375, 228, 184, 123, 70, 60, 64, 57, 344, '47788.0', '10467']	
[12, 21, 14, 15, 18, 4, 14, 9, 5, 7, 52, '90265.0', '10464']	
[187, 183, 118, 86, 50, 67, 50, 42, 39, 39, 217, '82114.0', '10465']	
[823, 1027, 566, 399, 293, 238, 177, 170, 99, 97, 567, '55313.0', '10462']	
[1204, 1555, 797, 445, 324, 328, 248, 191, 162, 164, 651, '77506.0', '10463']	
[393, 547, 368, 250, 141, 139, 73, 68, 43, 51, 233, '34899.0', '10460']	
[10, 11, 10, 1, 2, 3, 3, 1, 1, 0, 3, '120751.0', '11040']	
[859, 933, 454, 348, 295, 223, 106, 81, 72, 76, 369, '43225.0', '10468']	
[145, 233, 149, 102, 67, 52, 42, 23, 19, 21, 146, '69954.0', '10469']	
[93, 86, 52, 42, 30, 19, 24, 8, 12, 4, 117, '93666.0', '11411']	
[54, 72, 41, 28, 13, 8, 5, 4, 5, 13, 45, '80823.0', '11412']	
[132, 81, 67, 59, 60, 61, 60, 28, 22, 23, 505, '91263.0', '11413']	
[183, 215, 130, 79, 110, 79, 37, 38, 22, 30, 386, '90543.0', '11414']	
[1173, 1491, 796, 459, 404, 444, 615, 216, 209, 206, 762, '80185.0', '11415']	
[312, 515, 260, 195, 127, 96, 51, 68, 71, 75, 300, '69608.0', '10461']	
[248, 254, 137, 82, 108, 185, 69, 54, 42, 36, 576, '77103.0', '11417']	
[924, 810, 440, 260, 239, 324, 161, 106, 70, 94, 929, '72887.0', '11418']	
[596, 559, 307, 200, 182, 147, 70, 59, 42, 44, 415, '68973.0', '11419']	
[878, 1162, 569, 373, 222, 215, 295, 262, 352, 933, 4133, '72653.0', '11367']	
[11114, 16361, 8346, 5005, 3575, 3156, 3846, 3867, 1880, 1302, 3105, '65470.0', '11373']	
