10065,202954.0,192.7,2967.69,156,122	
10069,231506.0,18.9,272.9,14,14	
10453,33985.0,19040.76,891187.96,76358,365	
10452,35555.0,50902.4,1586633.87,126953,365	
10451,39062.0,77105.32,2361558.89,186483,365	
10457,36013.0,18192.11,835765.27,71456,365	
10456,34536.0,19274.57,899172.55,78490,365	
10455,33128.0,19964.62,800713.42,67004,365	
10454,31670.0,31914.13,704853.37,47627,365	
10459,36133.0,10244.03,510528.0,42959,365	
10458,37866.0,34894.23,1186878.39,93249,365	
11232,59324.0,45923.66,484724.17,26909,365	
11233,49486.0,63698.19,821238.6,52532,365	
11385,66944.0,18572.06,227146.1,13593,365	
11234,85437.0,7618.37,88122.1,4521,365	
11235,67317.0,39224.78,711901.77,62281,365	
11237,57515.0,96123.06,870665.94,52151,365	
11218,72945.0,43502.01,424715.67,22382,365	
10282,316718.0,17.18,126.01,5,5	
10280,182441.0,45.5,458.66,15,14	
11109,164048.0,13304.36,113052.08,5045,365	
11379,84041.0,4997.5,70967.6,4268,365	
11378,69886.0,11766.74,185104.1,11914,365	
11102,68309.0,240713.79,3210308.73,231693,365	
11103,72396.0,364708.81,5650971.53,422961,365	
11377,63387.0,231452.22,5393142.59,442968,365	
11101,73313.0,589506.28,7122624.5,452703,365	
11106,68551.0,295404.26,4118418.99,289577,365	
11370,69161.0,28782.45,676933.42,54063,365	
11104,71040.0,117644.74,1743439.19,113143,365	
11105,75740.0,195654.04,2513735.65,186431,365	
11375,94340.0,296895.63,4946429.62,348619,365	
11374,68255.0,72674.78,1631996.35,108649,365	
11229,70010.0,5296.19,58820.65,3461,364	
10040,62395.0,86943.51,1357766.74,86624,365	
11228,86920.0,2349.41,23106.32,1025,317	
10044,112172.0,10849.45,105459.95,4982,365	
11201,151787.0,1656048.78,16973293.55,1009781,365	
11203,60629.0,20559.86,200835.23,11238,365	
10128,176612.0,87921.75,929261.03,62581,365	
11205,73083.0,359399.77,3787693.63,241807,365	
11204,63616.0,1681.31,25252.47,1430,347	
11207,45940.0,21461.21,259614.01,14477,365	
11206,47277.0,274190.57,2794418.36,180797,365	
11209,84945.0,12577.95,149988.22,7236,364	
11208,45934.0,8371.32,124474.8,7251,365	
11372,62444.0,143494.2,4920901.51,415289,365	
11225,59118.0,91743.89,1015457.73,61369,365	
11224,47290.0,13814.6,350085.81,18640,364	
11368,56401.0,100964.62,2168783.55,153496,365	
11369,67335.0,23643.93,575001.66,43434,365	
11366,93798.0,1901.19,31865.69,1837,356	
11223,61705.0,3727.39,52684.65,2812,364	
11364,86922.0,761.77,14298.6,713,269	
11365,74919.0,2408.94,43071.95,2244,361	
11362,94462.0,377.89,6516.76,212,147	
11363,124271.0,97.32,1811.65,80,68	
11360,99142.0,986.78,17682.42,683,246	
11222,80886.0,654713.1,5960514.61,366952,365	
11220,53315.0,13182.21,162936.54,8430,364	
11212,40233.0,13237.76,177590.63,11382,364	
11213,47297.0,70192.24,712707.32,41776,365	
11210,75085.0,21582.98,274267.7,17903,365	
11211,77466.0,2230940.96,21371494.48,1323041,365	
10039,46959.0,60363.28,1105423.19,87900,365	
10038,121805.0,102.35,1325.18,52,46	
11214,62934.0,2635.93,42813.17,2435,355	
11215,139886.0,585946.89,5486719.46,332883,365	
10035,46813.0,561744.06,8196837.25,633212,365	
10034,58725.0,88579.67,1551342.7,100783,365	
10037,48731.0,78710.2,1363225.76,105301,365	
10036,113730.0,381.22,4303.64,176,130	
10031,56188.0,322596.72,4707852.31,335837,365	
10030,52572.0,155821.03,2675886.86,217807,365	
10033,65125.0,177306.66,2849145.69,182595,365	
10032,49670.0,439485.61,5637089.83,328794,365	
11001,119250.0,12.57,1412.57,67,41	
11358,82641.0,1340.89,23369.32,1284,349	
11005,92034.0,181.32,2633.12,108,80	
11004,95851.0,101.3,3464.84,160,114	
11697,100398.0,125.05,1025.55,29,24	
11694,95102.0,2626.85,12921.45,192,97	
11357,91409.0,820.18,16280.32,715,301	
11356,73994.0,4452.72,44935.42,1947,360	
11355,56359.0,11231.77,252297.62,14349,365	
11354,63883.0,115899.25,2685761.04,189258,365	
11216,63003.0,301549.98,3184666.38,202535,365	
11217,120590.0,700249.79,7672631.35,498557,365	
10309,111477.0,54.0,348.99,11,11	
10308,101261.0,22.65,332.82,9,8	
10307,104973.0,2.0,24.0,1,1	
10306,94614.0,74.88,962.09,34,28	
10305,83184.0,178.0,3092.46,129,97	
10304,79892.0,182.93,3043.28,141,110	
10303,67301.0,322.51,9050.91,643,212	
10302,68842.0,196.92,2694.07,204,101	
10301,76813.0,574.84,21783.93,1543,232	
10028,203702.0,205.3,2846.3,209,140	
10029,60941.0,747770.36,11147542.82,848172,365	
10026,76406.0,398242.5,5293577.62,416972,365	
10027,70220.0,957382.92,12944557.21,961533,365	
10024,195208.0,5553.5,53321.02,2820,363	
10025,120674.0,401048.05,4611799.35,319526,365	
10022,221140.0,403.58,4915.55,236,142	
10023,185157.0,264.25,3968.08,215,139	
11221,53275.0,150299.0,1425853.47,82283,365	
10021,204533.0,127.97,2167.97,140,105	
11429,83725.0,1150.01,19475.83,773,278	
11219,51454.0,5388.19,75365.72,4061,365	
11230,66750.0,14352.54,156816.24,8610,365	
11428,77377.0,476.04,11767.71,620,278	
11421,78375.0,3242.24,74211.52,4424,365	
11420,76420.0,9392.92,298365.75,12406,365	
11423,78204.0,1483.35,31118.51,1609,354	
11422,92001.0,1054.3,9484.44,337,189	
11427,85937.0,778.98,17190.84,813,311	
11426,96119.0,348.92,9457.73,467,242	
10310,78919.0,72.91,1726.34,111,79	
10312,103272.0,16.0,357.7,11,8	
10314,94547.0,659.68,7158.13,301,174	
11231,118321.0,378899.96,3469435.73,196970,365	
11238,89269.0,472467.58,4457651.63,276452,365	
11239,38019.0,1634.83,25792.19,1429,341	
10019,137685.0,325.82,5274.13,247,153	
10018,141782.0,164.59,2370.55,95,78	
10013,220757.0,239.1,2961.41,134,102	
10012,141594.0,185.54,2497.69,114,90	
10011,193307.0,368.61,3881.75,156,102	
10010,150684.0,183.07,2269.36,89,73	
10017,161962.0,262.3,3654.55,155,107	
10016,152088.0,565.5,6453.18,242,147	
11236,73164.0,8755.05,91705.86,4781,362	
10014,175237.0,154.11,2617.76,106,82	
11416,73653.0,1165.14,25221.11,1609,359	
11432,67770.0,14630.66,364276.84,22742,365	
11433,58601.0,5509.52,128475.55,7658,365	
11436,74994.0,2323.65,31460.06,1220,343	
11434,70272.0,3595.57,46143.1,2129,361	
11435,65791.0,119277.96,2174285.06,136777,365	
10004,181042.0,64.17,669.44,25,23	
10005,175864.0,19.45,326.45,17,15	
10006,161202.0,17.79,173.45,8,7	
10007,430777.0,104.08,1349.07,65,48	
10001,151316.0,420.2,5513.15,218,145	
10002,60564.0,368.92,5121.78,255,154	
10003,156983.0,307.43,4327.9,197,130	
11692,58042.0,192.44,14545.48,187,89	
10009,86010.0,167.8,2625.96,125,87	
11693,62443.0,3877.57,11418.9,153,95	
10475,59944.0,2414.34,88065.62,5370,365	
10474,34096.0,2189.31,50510.63,5133,365	
10471,100733.0,4374.85,77927.15,4533,365	
10470,70004.0,1039.23,24221.45,1408,349	
10473,53120.0,7190.8,227731.91,16681,365	
10472,43989.0,17342.54,544286.05,42216,365	
11691,56999.0,1106.08,16138.85,231,141	
11361,92549.0,1924.98,56724.35,3004,341	
11226,55874.0,71432.73,808850.55,45340,365	
10075,200745.0,111.92,1627.42,102,74	
10466,55669.0,2170.87,75764.81,4928,365	
10467,47788.0,31450.31,947012.68,63438,365	
10464,90265.0,782.66,16363.47,746,231	
10465,82114.0,4529.17,115433.17,6893,365	
10462,55313.0,29053.31,1111372.45,84165,365	
10463,77506.0,34456.07,890682.64,69433,365	
10460,34899.0,15244.51,607862.32,49064,365	
11040,120751.0,21.7,723.31,30,26	
10468,43225.0,28853.2,1197597.83,99193,365	
10469,69954.0,4319.7,141349.86,10047,365	
11411,93666.0,366.13,4690.46,219,140	
11412,80823.0,803.45,13777.51,648,289	
11413,91263.0,1422.5,15803.67,524,258	
11414,90543.0,2451.09,20278.4,692,287	
11415,80185.0,76575.1,1494163.13,109713,365	
10461,69608.0,26328.97,809707.31,57328,365	
11417,77103.0,2582.64,51972.33,2624,360	
11418,72887.0,10008.81,189711.18,11859,365	
11419,68973.0,3602.61,80275.33,5001,365	
11367,72653.0,9746.7,169139.91,9631,365	
11373,65470.0,227081.03,7381828.15,602255,365	
