[1451530, 1897331, 767034, 366942, 137254, 78643, 63209, 58563, 33287, 35036, 74708, '202954.0', '10065']	
[62997, 100067, 71143, 23648, 12795, 7257, 2818, 884, 949, 674, 8026, '231506.0', '10069']	
[868, 1258, 743, 508, 303, 218, 144, 94, 95, 74, 288, '33985.0', '10453']	
[2220, 2631, 1672, 954, 609, 390, 344, 382, 363, 261, 618, '35555.0', '10452']	
[5785, 8862, 4700, 2602, 1752, 1425, 1202, 1195, 914, 437, 1455, '39062.0', '10451']	
[524, 639, 479, 279, 169, 109, 75, 62, 50, 36, 183, '36013.0', '10457']	
[1054, 1586, 869, 502, 314, 162, 122, 116, 114, 88, 203, '34536.0', '10456']	
[1238, 1653, 1086, 605, 356, 330, 236, 242, 170, 103, 230, '33128.0', '10455']	
[2316, 4458, 2644, 1399, 1055, 970, 871, 681, 359, 203, 617, '31670.0', '10454']	
[397, 484, 357, 217, 169, 115, 93, 45, 53, 38, 123, '36133.0', '10459']	
[524, 574, 417, 248, 142, 126, 69, 54, 33, 28, 321, '37866.0', '10458']	
[2023, 4047, 2726, 1778, 1023, 800, 781, 775, 512, 377, 1284, '59324.0', '11232']	
[1959, 3240, 2442, 1593, 897, 471, 344, 297, 259, 235, 709, '49486.0', '11233']	
[1351, 2024, 1288, 1048, 717, 484, 383, 323, 223, 218, 498, '66944.0', '11385']	
[327, 470, 377, 268, 195, 118, 96, 65, 52, 49, 545, '85437.0', '11234']	
[523, 508, 253, 165, 118, 91, 57, 40, 35, 39, 455, '67317.0', '11235']	
[6101, 10925, 7887, 4491, 3389, 2360, 1944, 1474, 917, 532, 1435, '57515.0', '11237']	
[2554, 3684, 3235, 2404, 1374, 789, 631, 611, 708, 565, 1885, '72945.0', '11218']	
[63937, 103445, 67590, 66380, 61026, 31107, 34393, 20817, 7654, 3572, 22555, '316718.0', '10282']	
[61125, 77756, 64699, 60985, 64539, 46717, 42290, 17737, 6390, 3191, 27499, '182441.0', '10280']	
[192, 268, 779, 801, 540, 264, 233, 179, 92, 27, 191, '164048.0', '11109']	
[282, 473, 363, 295, 185, 120, 87, 74, 76, 48, 110, '84041.0', '11379']	
[1092, 1934, 1336, 1040, 1443, 1718, 1175, 486, 333, 278, 1638, '69886.0', '11378']	
[28297, 33752, 12517, 17759, 18423, 11888, 7338, 3915, 2622, 2092, 5313, '68309.0', '11102']	
[28839, 31074, 14463, 8595, 8237, 7030, 4849, 3152, 2492, 2039, 5382, '72396.0', '11103']	
[27293, 37231, 19097, 12829, 16042, 11160, 6545, 4013, 2375, 2309, 5440, '63387.0', '11377']	
[58987, 101010, 88430, 62183, 40018, 24635, 14633, 10951, 7261, 4902, 19801, '73313.0', '11101']	
[42769, 42744, 20213, 27370, 23086, 11621, 5553, 3853, 3351, 2046, 5767, '68551.0', '11106']	
[8421, 16897, 6074, 1984, 1516, 2629, 2507, 1614, 1218, 951, 2572, '69161.0', '11370']	
[17255, 32315, 19710, 32871, 23316, 13386, 5552, 2738, 2205, 1503, 3895, '71040.0', '11104']	
[16323, 14448, 6120, 4549, 3456, 5118, 3653, 2064, 1239, 1108, 2663, '75740.0', '11105']	
[4155, 5339, 3647, 1907, 1456, 1139, 1269, 1640, 2448, 1262, 2288, '94340.0', '11375']	
[2371, 3530, 2321, 1656, 1109, 971, 768, 1834, 1653, 942, 1187, '68255.0', '11374']	
[332, 503, 266, 166, 101, 71, 45, 37, 29, 25, 248, '70010.0', '11229']	
[3047, 2752, 1381, 1008, 900, 599, 605, 466, 560, 467, 1121, '62395.0', '10040']	
[192, 296, 130, 77, 59, 39, 38, 39, 29, 20, 172, '86920.0', '11228']	
[1206, 2181, 1383, 1118, 1362, 1013, 639, 396, 248, 173, 653, '112172.0', '10044']	
[82613, 109331, 119108, 95805, 61729, 46867, 42749, 30872, 14214, 10792, 31589, '151787.0', '11201']	
[702, 1176, 854, 567, 306, 152, 106, 83, 66, 75, 317, '60629.0', '11203']	
[833161, 1066213, 660583, 314803, 173591, 93260, 58697, 66307, 51402, 21058, 53294, '176612.0', '10128']	
[17179, 28552, 20061, 13951, 6934, 4324, 2785, 2135, 1717, 1174, 2788, '73083.0', '11205']	
[404, 571, 363, 186, 103, 47, 33, 29, 28, 31, 200, '63616.0', '11204']	
[952, 1490, 1159, 815, 556, 377, 266, 239, 219, 156, 591, '45940.0', '11207']	
[19167, 38244, 22529, 12570, 8460, 5725, 4175, 2932, 1695, 1179, 3240, '47277.0', '11206']	
[1065, 1234, 636, 427, 318, 329, 300, 261, 181, 174, 987, '84945.0', '11209']	
[416, 489, 311, 261, 250, 229, 197, 109, 110, 75, 381, '45934.0', '11208']	
[13158, 15134, 7399, 4034, 1812, 2024, 2120, 1549, 1085, 692, 1811, '62444.0', '11372']	
[3070, 6780, 5502, 2942, 1987, 1560, 880, 583, 417, 315, 1436, '59118.0', '11225']	
[173, 124, 73, 45, 32, 26, 22, 17, 20, 17, 249, '47290.0', '11224']	
[3077, 3472, 1566, 1012, 742, 589, 428, 740, 1661, 1806, 4048, '56401.0', '11368']	
[4444, 8052, 4691, 2697, 1320, 1688, 2077, 1859, 1899, 1930, 6555, '67335.0', '11369']	
[72, 201, 84, 40, 23, 26, 18, 15, 14, 19, 65, '93798.0', '11366']	
[375, 510, 320, 158, 73, 65, 57, 40, 29, 23, 277, '61705.0', '11223']	
[43, 41, 37, 27, 17, 20, 12, 12, 14, 8, 95, '86922.0', '11364']	
[133, 150, 150, 120, 92, 90, 50, 42, 44, 26, 190, '74919.0', '11365']	
[33, 38, 16, 14, 6, 7, 5, 7, 4, 8, 54, '94462.0', '11362']	
[9, 13, 12, 4, 6, 3, 3, 4, 2, 0, 25, '124271.0', '11363']	
[15, 21, 15, 12, 11, 5, 9, 9, 5, 8, 65, '99142.0', '11360']	
[26479, 35061, 16101, 22135, 18036, 11440, 6906, 3831, 1894, 1398, 4029, '80886.0', '11222']	
[1232, 1541, 720, 591, 503, 354, 267, 257, 291, 233, 785, '53315.0', '11220']	
[448, 705, 647, 427, 190, 106, 78, 61, 58, 65, 245, '40233.0', '11212']	
[2198, 3573, 2636, 1761, 927, 668, 423, 335, 331, 239, 925, '47297.0', '11213']	
[664, 872, 639, 504, 433, 282, 127, 120, 77, 92, 550, '75085.0', '11210']	
[119946, 148217, 141720, 110592, 67571, 44278, 28971, 17448, 10998, 6448, 17214, '77466.0', '11211']	
[5155, 7132, 3089, 1520, 980, 786, 758, 640, 550, 271, 679, '46959.0', '10039']	
[98543, 147761, 106889, 106409, 114160, 94092, 43133, 20391, 11418, 7660, 44265, '121805.0', '10038']	
[422, 431, 332, 188, 114, 75, 49, 42, 25, 55, 344, '62934.0', '11214']	
[24682, 37212, 23389, 11350, 11693, 8378, 6128, 4280, 3306, 2431, 6608, '139886.0', '11215']	
[66867, 93713, 48256, 26935, 19373, 15042, 12568, 5669, 3043, 2341, 8374, '46813.0', '10035']	
[3159, 3365, 1933, 1336, 1436, 1169, 828, 827, 804, 831, 2112, '58725.0', '10034']	
[12964, 14564, 5708, 3738, 3471, 2203, 2301, 1565, 667, 397, 1377, '48731.0', '10037']	
[1637645, 2150886, 961417, 563447, 290564, 173371, 115462, 81274, 58715, 69163, 327804, '113730.0', '10036']	
[37109, 57544, 33700, 18162, 14431, 17441, 13782, 9107, 7141, 3239, 5910, '56188.0', '10031']	
[21701, 24232, 8668, 4588, 3318, 2734, 2397, 2397, 1366, 712, 1887, '52572.0', '10030']	
[9884, 7493, 4552, 4492, 2759, 3435, 2559, 2952, 2201, 1697, 3198, '65125.0', '10033']	
[18846, 19180, 15424, 9658, 7843, 7271, 8837, 7820, 5111, 3837, 5457, '49670.0', '10032']	
[11, 9, 8, 2, 4, 2, 3, 1, 0, 2, 13, '119250.0', '11001']	
[65, 115, 71, 29, 46, 27, 15, 16, 9, 9, 123, '82641.0', '11358']	
[3, 5, 2, 2, 0, 0, 0, 2, 4, 1, 9, '92034.0', '11005']	
[127, 86, 43, 9, 19, 7, 5, 10, 6, 9, 48, '95851.0', '11004']	
[5, 7, 3, 3, 2, 2, 1, 1, 0, 1, 6, '100398.0', '11697']	
[15, 14, 6, 3, 7, 3, 1, 1, 3, 4, 25, '95102.0', '11694']	
[108, 110, 59, 44, 34, 32, 42, 32, 30, 20, 218, '91409.0', '11357']	
[71, 79, 83, 44, 34, 30, 46, 14, 14, 15, 101, '73994.0', '11356']	
[479, 513, 453, 434, 340, 159, 164, 127, 157, 193, 430, '56359.0', '11355']	
[999, 1472, 1224, 964, 566, 440, 334, 211, 177, 166, 1071, '63883.0', '11354']	
[9190, 15972, 12046, 6762, 3988, 2705, 1617, 1082, 843, 876, 2545, '63003.0', '11216']	
[39691, 76554, 37897, 37633, 27057, 14917, 9993, 8077, 5562, 3652, 11997, '120590.0', '11217']	
[3, 0, 1, 0, 0, 0, 0, 0, 0, 0, 0, '65007.0', '11096']	
[9, 5, 4, 2, 1, 2, 1, 0, 1, 0, 10, '111477.0', '10309']	
[5, 1, 0, 2, 0, 1, 1, 0, 0, 0, 6, '101261.0', '10308']	
[1, 2, 0, 1, 1, 0, 0, 0, 0, 0, 1, '104973.0', '10307']	
[16, 21, 7, 6, 7, 7, 7, 1, 2, 2, 32, '94614.0', '10306']	
[52, 45, 38, 34, 31, 19, 5, 7, 2, 4, 93, '83184.0', '10305']	
[43, 52, 34, 15, 11, 7, 5, 5, 2, 2, 39, '79892.0', '10304']	
[36, 36, 15, 9, 9, 5, 1, 3, 3, 3, 34, '67301.0', '10303']	
[5, 7, 2, 3, 0, 4, 1, 1, 0, 0, 7, '68842.0', '10302']	
[45, 35, 26, 17, 7, 5, 1, 3, 6, 1, 45, '76813.0', '10301']	
[1262184, 1298215, 748214, 352823, 174777, 85854, 62425, 52906, 55317, 19927, 49870, '203702.0', '10028']	
[234195, 334200, 171610, 93938, 61220, 42937, 27791, 21809, 12846, 7244, 18943, '60941.0', '10029']	
[80316, 108771, 48855, 35826, 20257, 11191, 7952, 7388, 4552, 1569, 7246, '76406.0', '10026']	
[141606, 173852, 93723, 57894, 40737, 27326, 19170, 15612, 9831, 3731, 14462, '70220.0', '10027']	
[886259, 1439123, 783906, 296582, 141148, 114734, 59430, 26535, 17690, 32306, 70959, '195208.0', '10024']	
[746119, 1080466, 659424, 331202, 177134, 103673, 69679, 48209, 36565, 24423, 58319, '120674.0', '10025']	
[2036920, 3155659, 1433492, 611043, 203415, 163877, 140106, 93514, 59017, 72506, 221455, '221140.0', '10022']	
[1294388, 2114403, 1149361, 350563, 189940, 114028, 57518, 31737, 25425, 25910, 114016, '185157.0', '10023']	
[7093, 13289, 8267, 4141, 2916, 1856, 1336, 997, 758, 478, 1402, '53275.0', '11221']	
[1407299, 1675117, 799581, 390070, 167079, 84789, 77665, 58015, 53460, 32377, 56342, '204533.0', '10021']	
[133, 176, 84, 51, 29, 20, 26, 11, 15, 12, 101, '83725.0', '11429']	
[330, 451, 282, 164, 107, 79, 40, 58, 35, 48, 193, '51454.0', '11219']	
[1285, 1552, 1095, 858, 602, 246, 151, 142, 98, 168, 778, '66750.0', '11230']	
[53, 58, 32, 26, 14, 7, 9, 9, 7, 10, 54, '77377.0', '11428']	
[201, 289, 377, 372, 202, 94, 71, 74, 65, 131, 361, '78375.0', '11421']	
[556, 496, 479, 428, 195, 117, 115, 119, 125, 122, 2341, '76420.0', '11420']	
[295, 346, 203, 91, 54, 33, 24, 24, 36, 25, 110, '78204.0', '11423']	
[94, 110, 63, 34, 52, 31, 18, 13, 9, 10, 173, '92001.0', '11422']	
[132, 130, 80, 49, 48, 27, 14, 12, 35, 36, 257, '85937.0', '11427']	
[403, 86, 62, 76, 43, 61, 29, 24, 24, 33, 148, '96119.0', '11426']	
[15, 25, 12, 11, 9, 6, 3, 0, 1, 2, 18, '78919.0', '10310']	
[5, 5, 3, 2, 3, 0, 1, 1, 0, 0, 7, '103272.0', '10312']	
[72, 38, 24, 19, 14, 9, 9, 4, 14, 8, 123, '94547.0', '10314']	
[27490, 38622, 15751, 19888, 14318, 12489, 9493, 8921, 6492, 3353, 9342, '118321.0', '11231']	
[14572, 27363, 17628, 12448, 9172, 4882, 2832, 1993, 1740, 1441, 3935, '89269.0', '11238']	
[88, 112, 86, 49, 43, 45, 25, 18, 17, 12, 173, '38019.0', '11239']	
[2324796, 3529911, 1675641, 792038, 414092, 232773, 153361, 113145, 73277, 77825, 429185, '137685.0', '10019']	
[1143140, 1506211, 594869, 315492, 136725, 88190, 58248, 39409, 34282, 46972, 144370, '141782.0', '10018']	
[615697, 1038518, 681077, 505595, 231496, 139392, 84360, 59570, 34602, 24597, 102619, '220757.0', '10013']	
[801229, 1360273, 781226, 475007, 251722, 131067, 72129, 39490, 26560, 25675, 81612, '141594.0', '10012']	
[1893062, 2791126, 1331024, 461107, 331691, 195477, 122329, 70494, 45718, 38796, 157351, '193307.0', '10011']	
[1066415, 1776564, 603943, 304147, 169559, 110209, 48026, 26817, 23631, 36969, 82643, '150684.0', '10010']	
[1607131, 2354654, 1147125, 360242, 184334, 168331, 122444, 50954, 62120, 70637, 238456, '161962.0', '10017']	
[1981895, 2883459, 1182012, 434987, 299229, 195351, 98793, 52830, 76607, 70246, 180439, '152088.0', '10016']	
[317, 447, 395, 282, 177, 105, 77, 64, 41, 68, 337, '73164.0', '11236']	
[874647, 1849359, 974093, 386628, 266200, 175544, 99878, 52735, 35086, 24778, 111858, '175237.0', '10014']	
[112, 114, 86, 43, 42, 39, 45, 19, 17, 15, 117, '73653.0', '11416']	
[1271, 1237, 628, 397, 275, 242, 352, 207, 144, 134, 705, '67770.0', '11432']	
[107, 136, 102, 66, 38, 31, 21, 28, 13, 3, 103, '58601.0', '11433']	
[744, 393, 449, 461, 182, 99, 98, 78, 129, 124, 19620, '74994.0', '11436']	
[270, 278, 324, 276, 134, 105, 81, 71, 65, 80, 1395, '70272.0', '11434']	
[2511, 1820, 935, 690, 774, 860, 614, 308, 235, 259, 21572, '65791.0', '11435']	
[68848, 89861, 67023, 83428, 101270, 107766, 64665, 27280, 13918, 8525, 41791, '181042.0', '10004']	
[53255, 112936, 78713, 91133, 102881, 100292, 50180, 21436, 11206, 6600, 45799, '175864.0', '10005']	
[37882, 48950, 46254, 48244, 42173, 29456, 20907, 10749, 5232, 3280, 23430, '161202.0', '10006']	
[239420, 290999, 226272, 203215, 126209, 77508, 53459, 29903, 16604, 10383, 54546, '430777.0', '10007']	
[2103208, 3835889, 1460690, 792693, 367195, 236217, 145985, 98993, 64839, 76465, 230952, '151316.0', '10001']	
[424170, 637901, 551376, 407079, 246547, 125541, 75896, 48231, 35953, 33620, 72661, '60564.0', '10002']	
[1872534, 2897660, 1276995, 697148, 437592, 241752, 121838, 63140, 46116, 55635, 174248, '156983.0', '10003']	
[37, 13, 16, 10, 4, 1, 3, 2, 5, 1, 78, '58042.0', '11692']	
[504080, 785836, 473603, 304285, 174995, 98415, 55251, 30477, 19359, 21288, 61250, '86010.0', '10009']	
[20, 24, 18, 9, 7, 5, 1, 3, 3, 5, 46, '62443.0', '11693']	
[78, 121, 75, 61, 43, 37, 30, 23, 22, 19, 92, '59944.0', '10475']	
[75, 87, 61, 41, 48, 32, 36, 20, 14, 14, 48, '34096.0', '10474']	
[219, 305, 168, 115, 63, 54, 46, 34, 38, 45, 284, '100733.0', '10471']	
[185, 152, 77, 57, 39, 25, 21, 17, 13, 9, 74, '70004.0', '10470']	
[247, 267, 171, 147, 126, 118, 102, 39, 33, 30, 114, '53120.0', '10473']	
[477, 570, 335, 230, 210, 184, 170, 74, 55, 69, 239, '43989.0', '10472']	
[86, 99, 48, 19, 10, 12, 11, 9, 14, 4, 86, '56999.0', '11691']	
[71, 96, 60, 75, 17, 23, 34, 23, 23, 19, 127, '92549.0', '11361']	
[2884, 3809, 3468, 2714, 1603, 1004, 682, 463, 436, 382, 1645, '55874.0', '11226']	
[615480, 668675, 365666, 180521, 85054, 41696, 36196, 21468, 28090, 11125, 24441, '200745.0', '10075']	
[124, 121, 50, 40, 31, 25, 20, 22, 18, 20, 75, '55669.0', '10466']	
[416, 509, 349, 242, 178, 120, 63, 68, 58, 30, 263, '47788.0', '10467']	
[26, 13, 14, 11, 17, 15, 18, 5, 9, 6, 51, '90265.0', '10464']	
[162, 153, 114, 61, 74, 59, 54, 48, 44, 24, 212, '82114.0', '10465']	
[740, 851, 516, 367, 265, 194, 186, 160, 113, 89, 468, '55313.0', '10462']	
[1305, 1662, 859, 415, 388, 297, 237, 167, 155, 139, 589, '77506.0', '10463']	
[385, 542, 359, 261, 129, 150, 86, 72, 45, 62, 227, '34899.0', '10460']	
[6, 5, 2, 1, 1, 0, 0, 2, 0, 0, 8, '120751.0', '11040']	
[861, 878, 478, 349, 239, 209, 134, 77, 75, 64, 338, '43225.0', '10468']	
[214, 318, 185, 106, 71, 64, 42, 30, 28, 25, 139, '69954.0', '10469']	
[50, 41, 28, 22, 18, 18, 15, 12, 7, 5, 137, '93666.0', '11411']	
[51, 73, 34, 33, 16, 14, 4, 8, 8, 7, 76, '80823.0', '11412']	
[118, 98, 69, 48, 55, 57, 45, 26, 12, 23, 445, '91263.0', '11413']	
[133, 105, 60, 56, 83, 73, 50, 29, 18, 20, 427, '90543.0', '11414']	
[982, 1265, 674, 411, 357, 364, 594, 257, 182, 154, 596, '80185.0', '11415']	
[266, 416, 262, 211, 147, 93, 75, 44, 66, 53, 263, '69608.0', '10461']	
[183, 238, 138, 89, 88, 167, 78, 56, 35, 56, 515, '77103.0', '11417']	
[677, 759, 410, 242, 208, 328, 119, 84, 62, 53, 737, '72887.0', '11418']	
[431, 423, 286, 141, 152, 121, 64, 65, 38, 37, 297, '68973.0', '11419']	
[844, 1209, 550, 291, 236, 218, 279, 236, 355, 888, 3965, '72653.0', '11367']	
[11695, 17014, 7863, 4856, 3240, 3000, 3245, 2978, 1496, 1128, 2593, '65470.0', '11373']	
