[6, 3, 0, 3, 3, 1, 1, 4, 0, 2, 0, 2, '202954.0', '10065']	
[0, 0, 1, 0, 1, 0, 0, 0, 0, 0, 0, 10, '231506.0', '10069']	
[11779, 16695, 9835, 5390, 3121, 1728, 990, 641, 581, 582, 1415, 2, '33985.0', '10453']	
[30599, 34409, 19471, 9874, 5035, 3354, 2702, 2895, 2479, 1628, 3947, 4, '35555.0', '10452']	
[46293, 71721, 35686, 18833, 10968, 7432, 5267, 5423, 4006, 2153, 5277, 0, '39062.0', '10451']	
[11264, 16732, 10313, 5140, 2774, 1739, 973, 664, 530, 405, 1525, 2, '36013.0', '10457']	
[15877, 24900, 13600, 7281, 3360, 1520, 981, 818, 797, 489, 1222, 2, '34536.0', '10456']	
[17694, 25895, 13695, 7733, 4114, 2540, 1934, 1644, 1156, 630, 1328, 1, '33128.0', '10455']	
[8541, 13940, 8787, 4812, 3490, 2374, 1806, 1523, 862, 504, 1287, 6, '31670.0', '10454']	
[7800, 11916, 7526, 4108, 2808, 1668, 939, 718, 476, 332, 973, 1, '36133.0', '10459']	
[15639, 21937, 14720, 9181, 5121, 2782, 1655, 923, 717, 698, 3720, 0, '37866.0', '10458']	
[7218, 13001, 9210, 5430, 2876, 1955, 1887, 1937, 1158, 861, 2427, 1, '59324.0', '11232']	
[21131, 31681, 21586, 14075, 7435, 3255, 2323, 1543, 1480, 1593, 4206, 1, '49486.0', '11233']	
[2502, 4303, 2970, 2519, 1509, 980, 794, 570, 495, 350, 756, 0, '66944.0', '11385']	
[1203, 1773, 1718, 1454, 1029, 754, 540, 295, 208, 166, 876, 0, '85437.0', '11234']	
[21510, 34013, 4767, 3933, 2178, 1266, 1168, 892, 611, 456, 2878, 3, '67317.0', '11235']	
[9957, 18923, 15076, 9208, 6428, 4372, 3175, 2513, 1702, 985, 2508, 4, '57515.0', '11237']	
[3357, 6531, 5370, 3820, 2268, 1095, 885, 809, 1023, 707, 2572, 4, '72945.0', '11218']	
[0, 0, 0, 0, 0, 0, 0, 0, 0, 0, 0, 5, '182441.0', '10280']	
[339, 408, 1297, 1477, 742, 373, 296, 371, 214, 46, 391, 1, '164048.0', '11109']	
[562, 1064, 917, 718, 444, 275, 222, 164, 123, 96, 204, 8, '84041.0', '11379']	
[1260, 3681, 2848, 1844, 1059, 767, 538, 403, 226, 143, 445, 5, '69886.0', '11378']	
[84487, 60538, 23281, 21911, 16189, 11513, 8064, 5491, 3596, 3232, 8235, 0, '68309.0', '11102']	
[136047, 155780, 72284, 37697, 24349, 19470, 15013, 9123, 6879, 6153, 14621, 10, '72396.0', '11103']	
[115281, 181951, 82487, 38062, 21680, 14625, 10746, 7346, 4131, 3232, 10352, 10, '63387.0', '11377']	
[81555, 128894, 94260, 69805, 42406, 26827, 17177, 14675, 9495, 4868, 20126, 5, '73313.0', '11101']	
[89650, 93964, 35266, 29116, 24849, 12649, 8040, 6432, 4407, 3200, 10240, 10, '68551.0', '11106']	
[13759, 25624, 11677, 3983, 2078, 2522, 1935, 1399, 920, 555, 1420, 1, '69161.0', '11370']	
[22596, 38320, 24284, 19497, 12391, 7754, 3893, 2392, 1718, 964, 3393, 3, '71040.0', '11104']	
[73847, 74248, 22300, 14161, 8585, 10092, 9061, 5684, 3428, 2997, 7645, 2, '75740.0', '11105']	
[76271, 128646, 80541, 32425, 20830, 14644, 9092, 11926, 8456, 5951, 14069, 1, '94340.0', '11375']	
[22763, 42568, 23743, 15810, 10556, 6986, 4448, 4593, 3896, 2551, 3476, 2, '68255.0', '11374']	
[1348, 2112, 1376, 668, 476, 283, 346, 201, 103, 60, 555, 6, '70010.0', '11229']	
[17710, 15870, 8295, 6203, 4943, 3027, 2888, 2387, 2587, 2382, 4704, 0, '62395.0', '10040']	
[183, 272, 133, 75, 76, 72, 70, 49, 29, 30, 226, 10, '86920.0', '11228']	
[302, 829, 901, 647, 1097, 782, 437, 258, 204, 135, 498, 3, '112172.0', '10044']	
[227659, 315397, 261467, 199428, 116419, 72217, 65930, 46824, 22496, 16157, 50929, 0, '151787.0', '11201']	
[3603, 6987, 5342, 3584, 1962, 921, 516, 351, 308, 279, 1426, 1, '60629.0', '11203']	
[15240, 23395, 12039, 5807, 3256, 2375, 1688, 1934, 1304, 546, 1752, 0, '176612.0', '10128']	
[58649, 109624, 68306, 45044, 21810, 12957, 8204, 7360, 6267, 4322, 9630, 3, '73083.0', '11205']	
[409, 538, 359, 218, 134, 113, 91, 44, 40, 42, 273, 1, '63616.0', '11204']	
[3960, 6639, 5211, 3527, 2603, 1524, 967, 760, 582, 510, 1919, 1, '45940.0', '11207']	
[37723, 78779, 47591, 24656, 16105, 10258, 6957, 5212, 3338, 2237, 6503, 0, '47277.0', '11206']	
[2166, 2788, 1517, 871, 815, 969, 770, 484, 383, 383, 1566, 6, '84945.0', '11209']	
[2869, 3182, 1695, 1538, 1393, 1317, 1122, 411, 250, 186, 856, 1, '45934.0', '11208']	
[140429, 189631, 76303, 38894, 16977, 12885, 11213, 8825, 5768, 3756, 9882, 1, '62444.0', '11372']	
[14680, 31657, 25923, 14158, 8769, 5535, 2590, 1791, 1301, 1307, 5721, 1, '59118.0', '11225']	
[3463, 4960, 3663, 2375, 2006, 1628, 1070, 1046, 942, 738, 6169, 0, '47290.0', '11224']	
[42832, 58345, 21494, 11545, 7679, 5898, 3694, 2930, 3154, 3785, 15676, 2, '56401.0', '11368']	
[8460, 18461, 10510, 4717, 1925, 1578, 1570, 1222, 850, 628, 1488, 2, '67335.0', '11369']	
[179, 523, 304, 171, 101, 79, 86, 63, 50, 33, 204, 1, '93798.0', '11366']	
[475, 792, 522, 280, 182, 206, 157, 97, 85, 47, 464, 7, '61705.0', '11223']	
[54, 41, 26, 32, 30, 30, 44, 26, 8, 17, 99, 3, '86922.0', '11364']	
[150, 221, 431, 229, 160, 131, 84, 72, 84, 60, 251, 0, '74919.0', '11365']	
[18, 16, 6, 8, 8, 6, 8, 5, 9, 10, 73, 10, '94462.0', '11362']	
[4, 8, 3, 4, 4, 4, 1, 3, 4, 7, 11, 8, '124271.0', '11363']	
[28, 14, 5, 19, 5, 12, 6, 10, 11, 6, 326, 10, '99142.0', '11360']	
[75917, 114633, 41016, 58111, 54136, 31364, 18205, 10754, 5100, 3373, 10998, 2, '80886.0', '11222']	
[2452, 3110, 1736, 1401, 1048, 652, 484, 442, 463, 362, 1278, 10, '53315.0', '11220']	
[4441, 7236, 5497, 3678, 1791, 921, 464, 431, 364, 309, 1266, 1, '40233.0', '11212']	
[13872, 23385, 16187, 10479, 5039, 2689, 1717, 1241, 1048, 995, 4219, 3, '47297.0', '11213']	
[4458, 7478, 5620, 3526, 2872, 1563, 702, 445, 290, 257, 1678, 0, '75085.0', '11210']	
[275953, 310798, 257035, 230251, 145083, 96378, 60317, 37323, 23455, 14020, 40146, 10, '77466.0', '11211']	
[25833, 37003, 14497, 6635, 3832, 2732, 2903, 2424, 1807, 926, 2220, 0, '46959.0', '10039']	
[1, 1, 3, 2, 3, 0, 1, 1, 1, 0, 0, 6, '121805.0', '10038']	
[467, 582, 518, 329, 193, 140, 114, 87, 61, 69, 639, 0, '62934.0', '11214']	
[100438, 145915, 88431, 37495, 31991, 22859, 15574, 11059, 8525, 7073, 19807, 6, '139886.0', '11215']	
[145997, 264449, 159269, 70638, 35082, 23149, 20438, 10144, 5182, 3870, 11434, 1, '46813.0', '10035']	
[17387, 22586, 11215, 8369, 6072, 4399, 2592, 2858, 2509, 2820, 6204, 2, '58725.0', '10034']	
[35469, 42960, 15809, 8210, 6756, 4351, 4246, 3378, 1858, 1105, 3186, 0, '48731.0', '10037']	
[5, 1, 0, 0, 1, 2, 2, 2, 0, 1, 0, 6, '113730.0', '10036']	
[78686, 110906, 52712, 27198, 19203, 19068, 15402, 10301, 8169, 4057, 8127, 1, '56188.0', '10031']	
[90358, 98495, 33404, 15971, 10220, 7738, 7703, 7055, 4104, 2210, 5568, 0, '52572.0', '10030']	
[38362, 34448, 20118, 17534, 9142, 9217, 6859, 7453, 5818, 4239, 8172, 2, '65125.0', '10033']	
[59237, 63548, 46372, 31438, 25056, 25985, 22797, 20083, 13099, 8788, 16074, 0, '49670.0', '10032']	
[6, 5, 5, 3, 6, 1, 0, 0, 0, 1, 15, 8, '119250.0', '11001']	
[71, 229, 146, 74, 73, 56, 37, 47, 35, 21, 102, 10, '82641.0', '11358']	
[8, 5, 7, 6, 4, 5, 5, 3, 7, 7, 31, 5, '92034.0', '11005']	
[14, 10, 10, 2, 16, 12, 11, 6, 5, 2, 15, 10, '95851.0', '11004']	
[2, 3, 1, 0, 0, 0, 5, 3, 3, 5, 13, 10, '100398.0', '11697']	
[31, 14, 7, 10, 4, 1, 8, 5, 1, 4, 94, 10, '95102.0', '11694']	
[64, 95, 63, 35, 33, 39, 40, 28, 31, 16, 117, 10, '91409.0', '11357']	
[192, 225, 285, 174, 148, 102, 102, 86, 53, 31, 388, 2, '73994.0', '11356']	
[2091, 2181, 2479, 2538, 1971, 1094, 884, 677, 467, 885, 1372, 2, '56359.0', '11355']	
[20207, 45500, 47494, 24706, 10741, 7921, 5927, 3108, 2263, 2306, 8714, 10, '63883.0', '11354']	
[68750, 114477, 75341, 39134, 19845, 12710, 7062, 5035, 4213, 4824, 14330, 0, '63003.0', '11216']	
[118262, 229480, 116196, 91890, 57263, 27314, 17704, 13473, 9429, 5993, 21981, 4, '120590.0', '11217']	
[3, 0, 0, 0, 1, 1, 2, 0, 0, 0, 26, 10, '111477.0', '10309']	
[4, 0, 0, 0, 0, 0, 0, 0, 1, 0, 2, 0, '101261.0', '10308']	
[0, 0, 0, 0, 0, 0, 0, 0, 0, 0, 0, 0, '104973.0', '10307']	
[7, 3, 4, 4, 3, 6, 0, 0, 0, 2, 22, 0, '94614.0', '10306']	
[20, 19, 16, 22, 12, 4, 3, 3, 1, 5, 39, 10, '83184.0', '10305']	
[31, 31, 33, 28, 53, 8, 8, 7, 3, 0, 61, 0, '79892.0', '10304']	
[55, 44, 70, 82, 100, 176, 125, 42, 7, 7, 29, 4, '67301.0', '10303']	
[23, 24, 26, 20, 29, 14, 4, 0, 1, 0, 1, 0, '68842.0', '10302']	
[67, 61, 70, 28, 20, 34, 9, 12, 14, 9, 57, 10, '76813.0', '10301']	
[10, 6, 12, 1, 1, 0, 0, 0, 1, 1, 2, 1, '203702.0', '10028']	
[240537, 355242, 157877, 79643, 48047, 37947, 27236, 19763, 11708, 7549, 21282, 0, '60941.0', '10029']	
[151129, 190785, 65432, 41197, 22711, 14301, 11447, 10153, 5614, 2587, 9887, 1, '76406.0', '10026']	
[315736, 342723, 144484, 77166, 50695, 38065, 30768, 23612, 14132, 7119, 23149, 0, '70220.0', '10027']	
[538, 596, 417, 313, 249, 200, 132, 97, 70, 26, 180, 3, '195208.0', '10024']	
[70539, 101744, 61638, 35245, 18008, 11357, 6821, 6347, 4810, 1315, 6719, 0, '120674.0', '10025']	
[1, 3, 3, 7, 4, 3, 1, 1, 0, 0, 2, 2, '221140.0', '10022']	
[1, 1, 5, 4, 0, 2, 2, 0, 0, 0, 1, 2, '185157.0', '10023']	
[18588, 34702, 24126, 13474, 8377, 5204, 3199, 2492, 2016, 1751, 5019, 3, '53275.0', '11221']	
[0, 7, 3, 4, 1, 2, 0, 0, 1, 1, 0, 0, '204533.0', '10021']	
[157, 121, 138, 107, 73, 50, 30, 26, 24, 20, 159, 3, '83725.0', '11429']	
[828, 1416, 1131, 821, 499, 354, 206, 156, 139, 91, 434, 4, '51454.0', '11219']	
[1375, 2154, 1541, 1293, 883, 463, 277, 203, 215, 163, 965, 1, '66750.0', '11230']	
[88, 92, 275, 246, 57, 36, 24, 9, 19, 28, 98, 10, '77377.0', '11428']	
[643, 777, 828, 848, 550, 299, 234, 167, 155, 105, 353, 3, '78375.0', '11421']	
[606, 751, 870, 939, 778, 785, 708, 585, 589, 366, 1560, 10, '76420.0', '11420']	
[304, 676, 707, 254, 156, 101, 87, 63, 49, 60, 291, 1, '78204.0', '11423']	
[87, 29, 29, 27, 21, 34, 26, 18, 11, 14, 114, 6, '92001.0', '11422']	
[87, 184, 174, 86, 66, 49, 30, 25, 24, 44, 164, 2, '85937.0', '11427']	
[61, 53, 45, 97, 40, 21, 19, 23, 10, 19, 89, 3, '96119.0', '11426']	
[19, 16, 26, 20, 3, 2, 2, 2, 0, 0, 6, 10, '78919.0', '10310']	
[4, 1, 0, 0, 2, 1, 0, 0, 0, 0, 6, 0, '103272.0', '10312']	
[46, 38, 42, 29, 26, 27, 20, 13, 14, 1, 76, 7, '94547.0', '10314']	
[44596, 79718, 33373, 27936, 22729, 19966, 14238, 10809, 7732, 4418, 13437, 4, '118321.0', '11231']	
[64768, 121247, 75177, 50245, 29859, 15604, 8781, 5897, 5826, 5755, 16475, 2, '89269.0', '11238']	
[376, 985, 735, 514, 323, 288, 193, 126, 90, 57, 205, 2, '38019.0', '11239']	
[7, 4, 4, 5, 1, 3, 2, 3, 1, 0, 2, 9, '137685.0', '10019']	
[1, 1, 0, 0, 1, 1, 0, 0, 0, 0, 2, 4, '141782.0', '10018']	
[4, 3, 1, 6, 0, 1, 1, 0, 1, 1, 3, 0, '220757.0', '10013']	
[3, 1, 1, 5, 1, 1, 1, 0, 1, 0, 1, 4, '141594.0', '10012']	
[5, 0, 3, 0, 4, 4, 2, 0, 0, 0, 1, 8, '193307.0', '10011']	
[2, 0, 1, 0, 1, 2, 3, 1, 1, 1, 0, 0, '150684.0', '10010']	
[2, 1, 1, 1, 0, 0, 0, 1, 1, 0, 0, 7, '161962.0', '10017']	
[3, 3, 2, 3, 0, 3, 1, 2, 1, 2, 0, 10, '152088.0', '10016']	
[1427, 2343, 2185, 1599, 1016, 657, 441, 314, 229, 193, 1152, 10, '73164.0', '11236']	
[4, 0, 5, 2, 2, 0, 0, 1, 0, 0, 0, 4, '175237.0', '10014']	
[250, 282, 260, 177, 117, 100, 92, 51, 46, 26, 122, 1, '73653.0', '11416']	
[4500, 7317, 4231, 3533, 2314, 1460, 1429, 1003, 640, 516, 2254, 1, '67770.0', '11432']	
[1657, 2458, 2179, 1714, 985, 638, 509, 417, 277, 234, 817, 2, '58601.0', '11433']	
[203, 175, 255, 188, 97, 49, 43, 58, 47, 51, 348, 4, '74994.0', '11436']	
[342, 515, 643, 409, 228, 126, 85, 93, 80, 96, 541, 1, '70272.0', '11434']	
[22479, 50177, 36253, 22628, 13153, 12305, 7326, 5778, 3256, 3149, 11536, 5, '65791.0', '11435']	
[0, 0, 0, 0, 0, 0, 1, 0, 0, 1, 1, 2, '181042.0', '10004']	
[0, 0, 0, 0, 0, 1, 0, 0, 0, 0, 0, 0, '175864.0', '10005']	
[0, 0, 1, 1, 0, 0, 0, 0, 0, 0, 0, 9, '161202.0', '10006']	
[0, 0, 2, 1, 1, 0, 1, 0, 1, 0, 1, 10, '430777.0', '10007']	
[2, 3, 0, 0, 4, 7, 4, 3, 0, 0, 0, 5, '151316.0', '10001']	
[8, 4, 15, 3, 4, 5, 3, 2, 2, 0, 4, 3, '60564.0', '10002']	
[1, 2, 2, 3, 5, 3, 4, 1, 1, 0, 0, 8, '156983.0', '10003']	
[198, 72, 62, 26, 26, 21, 18, 10, 10, 8, 269, 0, '58042.0', '11692']	
[4, 3, 3, 2, 3, 3, 3, 0, 0, 2, 1, 3, '86010.0', '10009']	
[47, 29, 20, 11, 5, 8, 8, 6, 12, 16, 118, 0, '62443.0', '11693']	
[668, 749, 804, 736, 572, 584, 334, 210, 199, 96, 353, 5, '59944.0', '10475']	
[611, 987, 884, 649, 531, 383, 225, 169, 85, 70, 216, 4, '34096.0', '10474']	
[592, 882, 579, 352, 261, 223, 157, 120, 102, 117, 481, 1, '100733.0', '10471']	
[256, 242, 163, 119, 115, 96, 67, 48, 34, 31, 134, 0, '70004.0', '10470']	
[2453, 3367, 2375, 1762, 1806, 1513, 919, 444, 239, 171, 669, 1, '53120.0', '10473']	
[6831, 9057, 5732, 4879, 3613, 2456, 1492, 710, 439, 364, 1437, 2, '43989.0', '10472']	
[220, 88, 64, 43, 25, 25, 24, 22, 11, 18, 320, 1, '56999.0', '11691']	
[234, 369, 245, 195, 123, 77, 73, 56, 61, 54, 249, 2, '92549.0', '11361']	
[13543, 20645, 17411, 14006, 8584, 4546, 2428, 1406, 1264, 1127, 5481, 2, '55874.0', '11226']	
[0, 1, 4, 1, 1, 0, 0, 0, 0, 1, 1, 1, '200745.0', '10075']	
[675, 681, 523, 471, 354, 288, 220, 172, 143, 101, 279, 3, '55669.0', '10466']	
[9041, 13409, 11400, 7855, 6622, 3418, 1988, 1375, 982, 649, 4648, 8, '47788.0', '10467']	
[46, 27, 50, 77, 70, 57, 81, 58, 31, 43, 129, 7, '90265.0', '10464']	
[678, 939, 1032, 872, 681, 596, 465, 351, 246, 120, 580, 9, '82114.0', '10465']	
[19026, 20968, 11789, 9001, 6898, 4469, 3550, 2020, 1122, 904, 3781, 1, '55313.0', '10462']	
[13717, 18307, 8755, 4053, 3530, 2461, 1646, 1032, 795, 692, 2620, 1, '77506.0', '10463']	
[7947, 13432, 8634, 4788, 2624, 2175, 1412, 795, 469, 489, 2073, 0, '34899.0', '10460']	
[3, 3, 3, 1, 1, 1, 0, 1, 1, 1, 7, 8, '120751.0', '11040']	
[17306, 20091, 10905, 6575, 4621, 2911, 1613, 840, 610, 448, 2288, 1, '43225.0', '10468']	
[1272, 1831, 1502, 951, 634, 444, 325, 228, 164, 178, 513, 0, '69954.0', '10469']	
[36, 17, 19, 30, 19, 9, 9, 14, 6, 10, 80, 2, '93666.0', '11411']	
[118, 183, 169, 92, 41, 35, 20, 17, 11, 19, 174, 2, '80823.0', '11412']	
[92, 57, 79, 78, 66, 111, 36, 21, 19, 27, 248, 6, '91263.0', '11413']	
[121, 107, 149, 97, 78, 109, 78, 61, 84, 36, 185, 10, '90543.0', '11414']	
[28044, 33220, 20379, 13187, 8492, 5366, 6279, 2499, 2183, 1736, 4897, 1, '80185.0', '11415']	
[6503, 13363, 10190, 7462, 4750, 2738, 1827, 1410, 1180, 825, 2747, 2, '69608.0', '10461']	
[350, 543, 343, 205, 240, 355, 186, 141, 86, 78, 326, 0, '77103.0', '11417']	
[1832, 3678, 1869, 1044, 628, 680, 545, 352, 217, 220, 807, 1, '72887.0', '11418']	
[743, 1543, 777, 325, 288, 352, 196, 153, 110, 91, 388, 8, '68973.0', '11419']	
[1168, 3052, 1400, 589, 464, 397, 377, 342, 240, 180, 882, 1, '72653.0', '11367']	
[167853, 292366, 113066, 63635, 40898, 26165, 16526, 12900, 7614, 5082, 11735, 3, '65470.0', '11373']	
