10065,202954.0,52.24,449.44,27,25	
10069,231506.0,1.0,112.74,4,4	
10453,33985.0,20915.09,714713.5,57240,365	
10452,35555.0,64250.27,1576733.32,120199,365	
10451,39062.0,111425.84,2836428.1,217162,365	
10457,36013.0,20246.74,689223.26,54862,365	
10456,34536.0,25894.86,885115.04,73862,365	
10455,33128.0,29362.38,985660.41,80254,365	
10454,31670.0,23677.14,671835.57,49321,365	
10459,36133.0,15165.22,524913.31,41092,365	
10458,37866.0,43118.45,1090878.38,79745,365	
11232,59324.0,75359.71,807948.36,48478,365	
11233,49486.0,137567.75,1767055.3,113457,365	
11385,66944.0,26960.52,309450.79,18296,365	
11234,85437.0,31018.51,249345.86,11028,365	
11235,67317.0,57895.81,883932.52,74584,365	
11237,57515.0,135575.97,1242197.69,75620,365	
11218,72945.0,62078.91,561903.4,29815,365	
10280,182441.0,9.0,26.8,1,1	
11109,164048.0,15888.98,134731.95,5971,365	
11379,84041.0,6898.37,88665.18,4993,365	
11378,69886.0,15329.39,217959.08,13608,365	
11102,68309.0,279868.26,3433727.91,247937,365	
11103,72396.0,464601.46,6618691.1,500109,365	
11377,63387.0,310500.39,6167040.82,500051,365	
11101,73313.0,772829.65,8519016.2,530841,365	
11106,68551.0,353765.78,4476975.94,328451,365	
11370,69161.0,40100.98,840427.02,66695,365	
11104,71040.0,147295.11,2096288.65,138528,365	
11105,75740.0,269720.73,3137606.85,233579,365	
11375,94340.0,391915.58,5780554.42,404917,365	
11374,68255.0,103831.71,2147249.21,142648,365	
11229,70010.0,11847.32,133959.29,7788,365	
10040,62395.0,83196.08,1165816.48,72591,365	
11228,86920.0,3815.4,34086.87,1320,350	
10044,112172.0,15436.06,137553.93,6155,365	
11201,151787.0,2433481.19,23601876.11,1402480,365	
11203,60629.0,77128.52,539233.02,27788,365	
10128,176612.0,109211.96,1052584.82,69729,365	
11205,73083.0,533310.43,5343014.44,355095,365	
11204,63616.0,10005.7,62330.26,2497,365	
11207,45940.0,52048.48,590018.62,30263,365	
11206,47277.0,358290.19,3689690.81,242191,365	
11209,84945.0,22648.08,264711.41,13127,365	
11208,45934.0,26351.43,290269.12,16024,365	
11372,62444.0,211575.43,6240889.17,519274,365	
11225,59118.0,161666.2,1892294.33,115660,365	
11224,47290.0,34332.86,678376.58,29149,365	
11368,56401.0,147963.53,2718599.58,179387,365	
11369,67335.0,33662.21,709692.25,52337,365	
11366,93798.0,2155.43,34887.35,1871,361	
11223,61705.0,5545.9,71306.57,3546,365	
11364,86922.0,1403.32,15189.27,516,265	
11365,74919.0,3425.98,44955.19,2051,364	
11362,94462.0,841.6,7637.27,206,145	
11363,124271.0,111.91,1974.96,65,56	
11360,99142.0,1733.35,26926.42,531,324	
11222,80886.0,795113.12,6941766.13,426220,365	
11220,53315.0,22004.93,261693.04,13818,365	
11212,40233.0,37959.74,476125.37,27782,365	
11213,47297.0,126395.2,1407030.2,84188,365	
11210,75085.0,42322.56,506710.02,30076,365	
11211,77466.0,2717575.3,24513522.58,1498945,365	
10039,46959.0,72401.63,1292242.54,102322,365	
10038,121805.0,22.6,257.0,14,11	
11214,62934.0,8581.45,86020.76,3655,364	
11215,139886.0,861107.43,7814977.79,492034,365	
10035,46813.0,744662.4,9969494.55,754970,365	
10034,58725.0,95771.29,1425089.26,89191,365	
10037,48731.0,95438.2,1659570.7,128828,365	
10036,113730.0,19.8,407.6,21,18	
10031,56188.0,376031.39,5053948.57,356920,365	
10030,52572.0,210398.35,3478743.04,285441,365	
10033,65125.0,181067.72,2689008.13,164166,365	
10032,49670.0,510586.18,6979676.26,335746,365	
11001,119250.0,98.69,1703.39,61,54	
11358,82641.0,1363.28,21718.29,1035,341	
11005,92034.0,307.04,3103.32,99,84	
11004,95851.0,181.52,2917.5,128,102	
11697,100398.0,133.7,1711.74,43,38	
11694,95102.0,950.61,11404.47,222,137	
11357,91409.0,1652.94,18440.92,678,289	
11356,73994.0,6445.23,56051.31,1991,361	
11355,56359.0,15788.05,318798.95,17110,365	
11354,63883.0,150262.37,2746253.44,180605,365	
11216,63003.0,517368.92,5585811.15,371829,365	
11217,120590.0,1032690.88,10901013.19,714920,365	
10309,111477.0,983.11,4023.82,40,35	
10308,101261.0,27.2,424.43,15,8	
10307,104973.0,26.22,301.3,6,5	
10306,94614.0,521.43,3132.5,80,55	
10305,83184.0,324.66,5077.46,165,123	
10304,79892.0,1767.55,10012.49,304,171	
10303,67301.0,821.4,12187.42,789,295	
10302,68842.0,175.1,2294.7,156,118	
10301,76813.0,1335.22,10768.49,440,212	
10028,203702.0,62.2,553.14,42,39	
10029,60941.0,982272.77,13601122.24,1013329,365	
10026,76406.0,528592.2,6690122.48,528681,365	
10027,70220.0,1105590.63,14221231.48,1074873,365	
10024,195208.0,6138.15,55582.02,2888,363	
10025,120674.0,452178.66,4726872.78,325849,365	
10022,221140.0,51.64,723.14,32,29	
10023,185157.0,26.39,372.13,21,21	
11221,53275.0,265948.15,2296304.43,123242,365	
10021,204533.0,16.39,307.19,22,20	
11429,83725.0,3196.19,37818.1,1313,325	
11219,51454.0,10117.86,118194.0,6316,365	
11230,66750.0,27554.31,216251.37,10243,365	
11428,77377.0,856.97,21370.32,1052,329	
11421,78375.0,4200.45,91120.55,5181,365	
11420,76420.0,10252.47,239119.33,9429,365	
11423,78204.0,6268.31,78744.21,3017,364	
11422,92001.0,3920.54,27569.57,683,267	
11427,85937.0,1280.96,22551.9,1028,332	
11426,96119.0,882.58,13205.95,573,272	
10310,78919.0,321.02,2294.14,117,94	
10312,103272.0,196.49,859.74,23,20	
10314,94547.0,2144.99,13993.61,409,235	
11231,118321.0,574692.11,4992755.91,280886,365	
11238,89269.0,668578.13,6324638.53,403438,365	
11239,38019.0,9498.23,90626.46,4215,365	
10019,137685.0,57.84,784.52,40,36	
10018,141782.0,17.08,238.18,7,7	
10013,220757.0,85.78,668.57,27,26	
10012,141594.0,27.57,324.51,18,17	
10011,193307.0,36.93,498.4,22,20	
10010,150684.0,18.15,259.05,13,13	
10017,161962.0,12.02,303.92,13,12	
10016,152088.0,27.78,554.18,25,24	
11236,73164.0,38699.91,304604.49,12636,365	
10014,175237.0,20.68,235.98,16,16	
11416,73653.0,2209.75,31486.71,1758,360	
11432,67770.0,27854.96,532711.38,30266,365	
11433,58601.0,11741.61,224443.37,12411,365	
11436,74994.0,5305.66,48916.87,1765,363	
11434,70272.0,9447.44,91085.83,3608,365	
11435,65791.0,212599.01,3145261.72,190396,365	
10004,181042.0,7.89,132.13,4,4	
10005,175864.0,6.48,49.88,3,3	
10006,161202.0,0.0,93.69,3,3	
10007,430777.0,14.22,223.43,10,10	
10001,151316.0,65.18,749.12,37,35	
10002,60564.0,126.74,1192.44,57,50	
10003,156983.0,62.71,576.95,25,25	
11692,58042.0,14423.09,106651.19,1200,250	
10009,86010.0,40.72,522.62,28,26	
11693,62443.0,6259.36,20774.59,349,169	
10475,59944.0,3721.05,109085.4,6061,365	
10474,34096.0,3080.04,62709.23,5328,365	
10471,100733.0,5096.15,79706.82,4264,365	
10470,70004.0,1372.25,26637.85,1464,339	
10473,53120.0,9487.86,248000.6,17186,365	
10472,43989.0,16748.78,531606.34,38966,365	
11691,56999.0,14483.15,96417.3,1283,292	
11361,92549.0,1931.92,67104.31,2259,354	
11226,55874.0,148451.32,1667061.12,93022,365	
10075,200745.0,14.27,375.83,12,11	
10466,55669.0,3067.8,78456.04,4543,364	
10467,47788.0,45160.53,1046814.96,63996,365	
10464,90265.0,1128.08,19497.36,751,256	
10465,82114.0,6255.01,132313.16,7458,365	
10462,55313.0,40724.23,1183808.61,86236,365	
10463,77506.0,35493.07,792316.13,59703,365	
10460,34899.0,22850.22,631650.62,46527,365	
11040,120751.0,41.79,676.43,26,25	
10468,43225.0,27950.77,913768.72,71072,365	
10469,69954.0,5667.71,145841.24,8999,365	
11411,93666.0,994.14,10862.34,317,200	
11412,80823.0,3987.61,32743.05,1074,334	
11413,91263.0,3812.74,33417.88,984,332	
11414,90543.0,7905.75,42202.96,1231,350	
11415,80185.0,114940.42,1771222.78,127191,365	
10461,69608.0,37947.55,832199.28,55061,365	
11417,77103.0,6425.57,72398.31,3072,364	
11418,72887.0,11839.2,200375.15,12344,365	
11419,68973.0,5331.6,95942.29,5443,365	
11367,72653.0,11706.51,168641.81,9445,365	
11373,65470.0,345264.21,9501892.88,764042,365	
